STATIONS_ID;MESS_DATUM;QN_3;  FX;  FM;QN_4; RSK;RSKF; SDK;SHK_TAG;  NM; VPM;  PM; TMK; UPM; TXK; TNK; TGK;eor
       1078;20210303;   10;   8.2;   3.2;    3;   0.0;   6;    6.850;   0;   4.3;   8.0; 1022.44;   10.3;   64.58;   16.6;    4.9;    0.8;eor
       1078;20210304;   10;   9.1;   2.6;    3;  24.2;   6;    0.000;   0;   7.8;   8.0; 1016.22;    4.5;   93.63;    5.9;    3.2;    1.3;eor
       1078;20210305;   10;   9.3;   3.9;    3;   0.0;   0;   10.233;   0;   2.7;   4.6; 1023.33;    2.5;   63.54;    6.5;   -3.1;   -6.6;eor
       1078;20210306;   10;   7.7;   1.8;    3;   0.0;   0;   10.283;   0;   2.6;   4.3; 1027.80;    0.5;   71.29;    7.3;   -5.5;   -8.3;eor
       1078;20210307;   10;   8.2;   1.9;    3;   0.0;   0;    9.267;   0;   2.1;   4.7; 1020.57;    0.9;   73.96;    6.5;   -5.3;   -8.4;eor
       1078;20210308;   10;   3.3;   1.4;    3;   1.5;   6;    0.000;   0;   7.4;   6.5; 1017.84;    3.7;   81.25;    6.7;    1.3;    0.3;eor
       1078;20210309;   10;   8.4;   3.0;    3;   1.5;   6;    0.000;   0;   7.7;   7.7; 1013.54;    4.4;   91.25;    6.2;    2.1;   -0.8;eor
       1078;20210310;   10;  14.7;   4.9;    3;   1.6;   6;    0.000;   0;   7.6;   7.4; 1010.58;    7.0;   76.25;   10.9;    1.8;   -0.6;eor
       1078;20210311;   10;  21.9;   9.9;    3;   0.9;   6;    2.433;   0;   5.8;   8.4;  994.95;   10.1;   68.63;   14.2;    6.4;    5.1;eor
       1078;20210312;   10;  19.4;   9.0;    3;   2.3;   6;    0.217;   0;   7.0;   7.4; 1000.64;    7.2;   73.17;   10.4;    4.7;    3.4;eor
       1078;20210313;   10;  27.4;   9.0;    3;   5.2;   8;    2.283;   0;   6.8;   7.6;  992.36;    6.7;   77.54;   10.1;    3.3;    1.8;eor
       1078;20210314;   10;  14.4;   5.3;    3;   8.1;   6;    1.417;   0;   6.8;   7.2; 1004.26;    5.4;   80.17;    8.9;    3.4;    2.5;eor
       1078;20210315;   10;  16.1;   5.4;    3;   0.7;   6;    2.800;   0;   6.2;   7.8; 1008.72;    6.1;   83.00;    9.3;    4.7;    3.8;eor
       1078;20210316;   10;   9.8;   3.6;    3;   5.3;   8;    0.500;   0;   7.3;   7.8; 1017.95;    5.8;   84.13;    8.3;    4.2;    3.8;eor
       1078;20210317;   10;   9.1;   3.6;    3;   0.3;   6;    1.883;   0;   5.8;   6.5; 1020.36;    4.7;   77.67;    7.9;   -1.1;   -4.2;eor
       1078;20210318;   10;   8.6;   2.2;    3;   0.7;   6;    0.050;   0;   6.4;   6.5; 1018.55;    2.9;   86.71;    6.5;   -2.0;   -4.5;eor
       1078;20210319;   10;  12.3;   4.3;    3;   0.0;   0;    7.233;   0;   3.6;   5.6; 1019.23;    4.5;   68.00;    9.0;    0.1;   -1.7;eor
       1078;20210320;   10;   8.2;   2.7;    3;   0.4;   6;    6.100;   0;   5.2;   4.9; 1023.27;    4.0;   61.21;    8.4;   -2.0;   -5.0;eor
       1078;20210321;   10;  12.3;   5.5;    3;   0.1;   6;    0.200;   0;   7.4;   7.3; 1018.13;    6.3;   76.88;    8.4;    4.9;    4.4;eor
       1078;20210322;   10;   8.2;   3.6;    3;   0.0;   0;    1.167;   0;   7.0;   7.0; 1019.95;    6.2;   74.88;    8.0;    3.7;    3.1;eor
       1078;20210323;   10;   9.4;   3.1;    3;   0.0;   0;    1.817;   0;   5.3;   7.6; 1020.53;    7.7;   72.79;   12.5;    4.0;   -0.5;eor
       1078;20210324;   10;   9.8;   3.7;    3;   0.0;   0;    9.867;   0;   2.3;   7.4; 1017.62;    8.7;   68.13;   16.2;    3.2;   -1.3;eor
       1078;20210325;   10;   8.2;   2.5;    3;   0.0;   6;    3.567;   0;   5.5;   8.6; 1015.49;    8.2;   79.54;   14.9;    1.6;   -1.2;eor
       1078;20210326;   10;  15.1;   5.6;    3;   1.4;   6;    6.550;   0;   3.5;   8.4; 1011.59;   10.7;   67.63;   16.5;    4.5;   -0.6;eor
       1078;20210327;   10;  18.9;   6.9;    3;   0.4;   6;    4.983;   0;   5.2;   6.6; 1015.91;    6.6;   68.17;   10.6;    2.1;   -2.7;eor
       1078;20210328;   10;  17.5;   6.2;    3;   0.0;   0;    2.200;   0;   6.9;   7.5; 1022.17;   10.0;   61.63;   14.0;    4.9;    3.3;eor
       1078;20210329;   10;  11.5;   4.8;    3;   0.0;   0;   11.733;   0;   1.8;   7.3; 1024.40;   13.1;   51.25;   20.8;    7.0;    0.2;eor
       1078;20210330;   10;   6.2;   1.9;    3;   0.0;   0;   11.717;   0;   1.2;   6.7; 1024.93;   14.6;   43.71;   24.4;    5.0;   -0.1;eor
       1078;20210331;   10;   9.4;   2.4;    3;   0.0;   0;   11.667;   0;   0.4;   8.0; 1017.00;   16.8;   43.71;   25.7;    8.5;    2.2;eor
       1078;20210401;   10;  10.3;   3.3;    3;   0.0;   0;   11.367;   0;   2.7;   9.1; 1016.24;   12.5;   64.17;   19.6;    4.9;    3.1;eor
       1078;20210402;   10;  10.5;   4.1;    3;   0.0;   6;    0.250;   0;   6.7;   7.0; 1020.40;    5.9;   75.71;    8.3;    3.3;    0.7;eor
       1078;20210403;   10;   9.6;   3.8;    3;   0.0;   0;    9.717;   0;   4.3;   6.6; 1021.81;    7.6;   64.00;   12.2;    3.2;   -1.2;eor
       1078;20210404;   10;   6.9;   2.4;    3;   0.0;   0;    1.133;   0;   6.3;   6.5; 1018.43;    5.3;   73.29;    8.8;    2.1;   -2.0;eor
       1078;20210405;   10;  18.7;   6.6;    3;   3.1;   8;    2.483;   0;   6.4;   6.2; 1005.85;    3.6;   77.92;    6.4;   -0.4;   -0.9;eor
       1078;20210406;   10;  15.6;   5.4;    3;   6.8;   8;    3.900;   0;   6.7;   5.9; 1007.67;    1.7;   85.67;    5.4;   -0.5;   -1.7;eor
       1078;20210407;   10;  18.2;   6.4;    3;   8.5;   8;    0.583;   3;   7.0;   6.1; 1012.18;    1.9;   87.38;    6.0;   -0.4;   -1.6;eor
       1078;20210408;   10;  11.3;   4.2;    3;   0.0;   0;    3.250;   0;   6.0;   5.3; 1017.93;    4.1;   66.79;    8.8;   -0.1;   -2.8;eor
       1078;20210409;   10;  11.5;   4.1;    3;   1.2;   6;    4.833;   0;   6.9;   6.7; 1009.54;    8.1;   62.58;   13.7;    2.4;    0.3;eor
       1078;20210410;   10;   9.8;   2.7;    3;  15.0;   6;    0.000;   0;   7.9;  10.4; 1006.21;    8.6;   93.33;   10.8;    5.7;    4.5;eor
       1078;20210411;   10;   9.1;   3.8;    3;   3.9;   6;    0.000;   0;   7.3;   7.7; 1008.19;    5.3;   84.96;    9.8;    1.6;   -1.0;eor
       1078;20210412;   10;  14.9;   2.7;    3;   0.8;   8;    4.200;   0;   4.2;   6.0; 1021.93;    2.3;   83.67;    8.0;   -2.1;   -4.8;eor
       1078;20210413;   10;   9.8;   2.4;    3;   0.0;   6;    6.067;   0;   3.2;   5.3; 1026.99;    3.9;   69.58;   10.4;   -3.3;   -5.9;eor
       1078;20210414;   10;  10.8;   2.3;    3;   0.5;   8;    6.050;   0;   4.3;   5.7; 1025.89;    3.4;   74.54;    9.1;   -2.8;   -5.5;eor
       1078;20210415;   10;   9.6;   2.4;    3;   0.0;   6;    7.550;   0;   3.7;   5.4; 1024.95;    4.5;   67.29;   10.3;   -2.5;   -5.4;eor
       1078;20210416;   10;  13.0;   3.1;    3;   0.0;   0;    8.133;   0;   4.8;   5.7; 1022.33;    7.2;   58.58;   13.1;    0.4;   -2.4;eor
       1078;20210417;   10;  10.8;   3.3;    3;   0.0;   0;    6.033;   0;   4.6;   6.1; 1019.75;    8.2;   58.04;   12.8;    1.5;   -1.4;eor
       1078;20210418;   10;   6.9;   2.5;    3;   2.8;   6;    1.000;   0;   6.4;   8.1; 1016.86;    9.6;   67.96;   14.8;    3.0;   -1.1;eor
       1078;20210419;   10;   5.1;   1.7;    3;   1.8;   6;    1.467;   0;   6.0;   9.9; 1014.77;    9.4;   84.13;   13.3;    3.7;    0.1;eor
       1078;20210420;   10;   9.3;   1.5;    3;   0.0;   0;    8.850;   0;   1.4;   8.5; 1012.42;   10.3;   70.79;   17.7;    1.8;   -0.8;eor
       1078;20210421;   10;  10.8;   3.4;    3;   0.0;   0;    9.783;   0;   3.4;   8.3; 1012.83;   10.4;   67.96;   17.6;    4.0;    0.2;eor
       1078;20210422;   10;  11.3;   3.1;    3;   0.0;   0;   11.650;   0;   3.0;   6.2; 1020.64;    6.9;   63.96;   12.7;   -0.5;   -4.6;eor
       1078;20210423;   10;   7.7;   2.5;    3;   0.0;   0;   13.067;   0;   0.8;   6.5; 1023.66;    7.4;   65.71;   14.1;   -1.0;   -4.7;eor
       1078;20210424;   10;   9.8;   4.1;    3;   0.0;   0;   10.017;   0;   5.0;   6.2; 1021.93;    8.5;   56.75;   14.3;    2.0;   -0.1;eor
       1078;20210425;   10;   9.1;   3.4;    3;   0.0;   0;    9.600;   0;   2.8;   5.9; 1021.19;    6.7;   61.71;   12.2;    0.8;   -2.8;eor
       1078;20210426;   10;   9.4;   2.5;    3;   0.0;   0;   13.117;   0;   1.6;   5.3; 1014.20;    8.0;   54.46;   14.8;   -0.7;   -4.8;eor
       1078;20210427;   10;   8.2;   2.5;    3;   0.0;   0;   13.450;   0;   1.8;   5.2; 1005.24;    9.6;   47.79;   16.8;    0.0;   -3.8;eor
       1078;20210428;   10;  10.6;   2.2;    3;   0.0;   0;    9.733;   0;   3.9;   6.4;  998.52;   13.0;   46.83;   21.0;    1.6;   -2.0;eor
       1078;20210429;   10;  17.3;   7.0;    3;   1.1;   6;    4.033;   0;   5.6;   8.2; 1000.40;   10.2;   65.71;   14.2;    6.5;    6.4;eor
       1078;20210430;   10;   6.2;   1.9;    3;   0.0;   6;    2.083;   0;   6.8;   8.5; 1008.11;    7.7;   81.54;   13.0;    4.9;    1.6;eor
       1078;20210501;   10;   7.0;   2.7;    3;   0.0;   0;    8.583;   0;   4.0;   7.3; 1008.98;    9.1;   65.71;   14.1;    2.8;    0.1;eor
       1078;20210502;   10;  11.3;   3.8;    3;   0.0;   6;    3.583;   0;   4.4;   6.8; 1013.28;    7.6;   66.54;   12.1;    1.3;   -2.0;eor
       1078;20210503;   10;  15.6;   5.1;    3;   0.8;   6;    6.067;   0;   5.3;   6.2; 1012.70;    8.8;   58.54;   14.7;   -1.2;   -4.6;eor
       1078;20210504;   10;  23.3;  10.6;    3;   5.6;   8;    1.283;   0;   7.1;   8.2;  995.66;   10.1;   67.17;   14.2;    6.1;    4.8;eor
       1078;20210505;   10;  21.1;   5.9;    3;   4.2;   6;    4.883;   0;   5.3;   7.4; 1001.02;    6.9;   74.63;   11.8;    2.6;   -0.7;eor
       1078;20210506;   10;  12.0;   3.5;    3;   2.8;   6;    2.817;   0;   6.8;   7.4; 1001.92;    7.6;   72.33;   12.4;    3.9;    2.2;eor
       1078;20210507;   10;   9.4;   3.2;    3;   3.7;   6;    5.917;   0;   3.5;   7.2; 1009.52;    7.0;   74.54;   12.8;    1.5;   -1.0;eor
       1078;20210508;   10;  15.6;   5.7;    3;   0.1;   6;    2.767;   0;   5.8;   8.4; 1008.76;   11.3;   63.79;   17.6;    1.4;   -0.7;eor
       1078;20210509;   10;  15.8;   7.3;    3;   0.1;   6;   10.717;   0;   5.5;  12.2;  998.68;   20.7;   51.75;   27.5;   12.4;   10.5;eor
       1078;20210510;   10;  14.9;   5.9;    3;   1.1;   6;    0.583;   0;   7.2;  12.4; 1000.67;   18.4;   58.67;   21.9;   15.0;   13.4;eor
       1078;20210511;   10;   7.2;   2.4;    3;   0.6;   6;    0.117;   0;   7.6;  14.0; 1003.92;   14.4;   85.33;   16.7;   11.8;    9.8;eor
       1078;20210512;   10;   9.6;   2.3;    3;   1.3;   6;    4.583;   0;   5.1;  11.3; 1006.17;   13.1;   76.75;   18.5;    6.5;    4.6;eor
       1078;20210513;   10;  12.0;   1.9;    3;   4.2;   6;   10.633;   0;   4.1;  10.5; 1002.68;   13.1;   74.38;   21.4;    4.5;    2.0;eor
       1078;20210514;   10;   8.9;   2.3;    3;   0.0;   6;    5.550;   0;   5.5;  10.6; 1002.78;   12.7;   74.13;   17.9;    8.0;    4.1;eor
       1078;20210515;   10;  13.4;   3.7;    3;   7.0;   6;    1.283;   0;   6.3;  10.9;  999.22;   11.0;   83.25;   15.1;    6.9;    3.1;eor
       1078;20210516;   10;  16.8;   4.9;    3;   1.3;   6;    5.567;   0;   5.1;  10.5;  996.71;   11.7;   77.29;   17.1;    7.5;    4.0;eor
       1078;20210517;   10;  17.0;   5.0;    3;   9.5;   6;    1.850;   0;   5.8;  11.5;  999.47;   11.3;   85.58;   15.4;    6.7;    3.1;eor
       1078;20210518;   10;  15.4;   3.0;    3;   1.9;   6;    4.367;   0;   5.5;  11.1; 1007.81;   11.3;   83.83;   16.9;    6.7;    3.0;eor
       1078;20210519;   10;  12.7;   2.8;    3;   9.9;   8;    3.183;   0;   6.0;  10.8; 1012.08;   10.5;   85.79;   16.0;    6.7;    3.0;eor
       1078;20210520;   10;  10.8;   3.5;    3;   0.0;   6;    2.600;   0;   6.7;  10.1; 1013.37;   12.3;   73.63;   16.9;    5.9;    3.2;eor
       1078;20210521;   10;  22.5;   8.0;    3;   0.9;   6;    7.400;   0;   4.0;   9.2;  999.84;   14.0;   58.75;   18.0;    9.9;    8.6;eor
       1078;20210522;   10;  18.2;   7.6;    3;   3.9;   6;    0.000;   0;   6.8;  10.4;  999.90;   10.7;   80.13;   12.0;    9.3;    8.2;eor
       1078;20210523;   10;  15.8;   5.8;    3;   0.0;   6;    4.483;   0;   5.3;   9.3; 1008.15;   12.1;   67.75;   16.1;    8.9;    8.6;eor
       1078;20210524;   10;  17.5;   5.9;    3;   4.2;   6;    3.667;   0;   6.0;  10.3; 1004.29;   12.9;   69.83;   16.8;    9.1;    8.5;eor
       1078;20210525;   10;  20.2;   6.2;    3;   8.3;   8;    1.983;   0;   6.7;  10.1; 1007.79;   10.0;   82.00;   13.8;    7.7;    6.8;eor
       1078;20210526;   10;  13.5;   4.9;    3;   1.8;   6;    2.483;   0;   6.7;  10.1; 1007.45;   11.4;   75.25;   15.3;    8.7;    8.2;eor
       1078;20210527;   10;  11.1;   4.9;    3;   4.1;   6;    0.150;   0;   7.5;  11.1; 1013.13;   10.8;   85.75;   12.5;    7.7;    5.2;eor
       1078;20210528;   10;   8.6;   2.1;    3;   0.0;   0;   11.150;   0;   4.0;   9.8; 1019.07;   12.4;   71.75;   19.2;    4.2;    1.1;eor
       1078;20210529;   10;   8.2;   2.8;    3;   0.0;   0;   13.983;   0;   1.1;  10.6; 1020.88;   13.5;   70.79;   19.2;    5.4;    3.0;eor
       1078;20210530;   10;  11.5;   2.8;    3;   0.0;   0;   14.750;   0;   0.5;   9.8; 1021.49;   15.4;   60.50;   22.2;    4.9;    3.1;eor
       1078;20210531;   10;   8.6;   2.7;    3;   0.0;   0;   13.700;   0;   0.7;  10.7; 1016.80;   17.1;   58.13;   23.7;    8.0;    4.0;eor
       1078;20210601;   10;   9.8;   3.1;    3;   0.0;   0;   15.133;   0;   0.8;  10.4; 1012.22;   18.9;   49.83;   26.1;    8.2;    4.2;eor
       1078;20210602;   10;  12.3;   2.8;    3;   0.2;   6;   15.033;   0;   2.3;  10.9; 1010.16;   21.0;   48.63;   28.5;    9.4;    6.6;eor
       1078;20210603;   10;   9.1;   3.6;    3;   2.1;   6;    3.150;   0;   6.3;  18.3; 1014.29;   21.0;   73.46;   24.9;   17.6;   14.4;eor
       1078;20210604;   10;   8.9;   2.0;    3;  10.2;   6;    6.850;   0;   5.8;  19.2; 1015.20;   21.1;   79.00;   27.3;   16.5;   15.4;eor
       1078;20210605;   10;   7.7;   3.1;    3;   0.0;   6;    0.000;   0;   7.1;  18.3; 1015.79;   17.6;   91.08;   20.5;   14.8;   13.5;eor
       1078;20210606;   10;   6.2;   2.9;    3;   0.0;   6;    0.217;   0;   7.6;  15.7; 1018.55;   16.1;   86.08;   19.5;   13.9;   13.8;eor
       1078;20210607;   10;   5.7;   2.3;    3;   0.0;   0;    1.850;   0;   5.8;  15.2; 1018.49;   17.1;   78.96;   21.5;   12.8;    9.7;eor
       1078;20210608;   10;   7.0;   1.4;    3;   0.0;   0;    7.367;   0;   3.6;  15.0; 1017.82;   18.1;   74.58;   24.8;   11.5;    8.2;eor
       1078;20210609;   10;   6.2;   1.9;    3;   0.0;   0;   12.833;   0;   2.4;  15.2; 1016.60;   20.4;   66.08;   26.8;   11.5;    9.0;eor
       1078;20210610;   10;   7.9;   1.7;    3;   0.0;   0;   14.317;   0;   2.8;  13.8; 1015.78;   20.8;   59.58;   27.4;   11.7;    8.8;eor
       1078;20210611;   10;   7.7;   2.5;    3;   0.0;   0;   11.967;   0;   3.6;  16.5; 1014.48;   21.1;   68.04;   26.9;   12.6;    9.9;eor
       1078;20210612;   10;  11.8;   4.3;    3;   0.0;   6;    5.750;   0;   5.8;  14.9; 1016.25;   18.8;   69.08;   22.8;   13.1;    8.4;eor
       1078;20210613;   10;   6.7;   1.8;    3;   0.0;   0;   15.367;   0;   0.5;  11.0; 1021.96;   16.6;   61.50;   23.5;    8.0;    3.8;eor
       1078;20210614;   10;   9.8;   2.8;    3;   0.0;   0;   15.283;   0;   1.3;  12.7; 1016.00;   21.0;   54.04;   28.8;    9.4;    5.3;eor
       1078;20210615;   10;   8.7;   2.9;    3;   0.0;   0;   12.867;   0;   5.7;  14.5; 1014.84;   20.6;   61.79;   25.8;   14.4;   11.0;eor
       1078;20210616;   10;   8.7;   2.2;    3;   0.0;   0;   13.933;   0;   4.6;  17.1; 1009.02;   23.6;   60.92;   31.7;   12.2;   10.0;eor
       1078;20210617;   10;   9.4;   4.1;    3;   0.0;   0;   13.717;   0;   3.8;  18.1; 1006.20;   28.1;   48.71;   34.5;   21.8;   20.3;eor
       1078;20210618;   10;  12.7;   3.8;    3;   0.0;   6;   12.183;   0;   4.5;  18.9; 1007.27;   27.5;   54.04;   34.2;   21.1;   19.9;eor
       1078;20210619;   10;  13.7;   3.7;    3;  18.0;   6;   12.933;   0;   5.3;  18.8; 1007.98;   24.1;   63.79;   29.4;   18.5;   15.6;eor
       1078;20210620;   10;  13.2;   5.2;    3;  21.0;   6;    6.517;   0;   6.4;  17.9; 1003.05;   22.5;   66.83;   26.6;   18.7;   17.6;eor
       1078;20210621;   10;   9.8;   4.4;    3;   0.2;   6;    0.200;   0;   7.4;  16.6; 1003.55;   16.5;   87.92;   19.0;   14.1;   14.1;eor
       1078;20210622;   10;   9.3;   3.7;    3;  10.6;   6;    0.200;   0;   7.2;  13.6; 1011.41;   14.5;   82.46;   17.5;   12.1;   11.8;eor
       1078;20210623;   10;   7.5;   3.4;    3;   0.0;   0;    2.100;   0;   6.1;  14.1; 1015.37;   16.1;   77.71;   20.7;   12.8;   12.7;eor
       1078;20210624;   10;   7.5;   3.1;    3;   0.0;   0;    3.500;   0;   6.3;  15.1; 1014.61;   17.9;   74.08;   22.2;   14.2;   12.7;eor
       1078;20210625;   10;  10.1;   2.8;    3;   0.0;   0;    6.067;   0;   5.8;  13.7; 1013.55;   18.1;   67.38;   22.8;   11.0;    8.3;eor
       1078;20210626;   10;   7.0;   1.9;    3;   0.0;   0;    9.633;   0;   4.9;  14.8; 1013.38;   19.7;   67.79;   26.5;   11.9;    9.7;eor
       1078;20210627;   10;  14.7;   2.6;    3;   2.6;   6;    7.383;   0;   6.1;  17.1; 1010.58;   20.5;   73.79;   28.3;   13.9;   10.9;eor
       1078;20210628;   10;   9.3;   2.5;    3;   4.9;   6;    9.850;   0;   5.0;  19.5; 1008.61;   22.0;   75.29;   28.0;   15.4;   13.9;eor
       1078;20210629;   10;  12.0;   3.7;    3;  48.4;   6;    4.533;   0;   6.6;  18.8; 1006.44;   19.8;   82.71;   25.4;   15.1;   14.9;eor
       1078;20210630;   10;   8.1;   3.9;    3;   0.5;   6;    0.167;   0;   7.4;  16.2; 1007.03;   15.7;   90.71;   18.0;   13.5;   13.3;eor
       1078;20210701;   10;   9.6;   4.4;    3;   1.5;   6;    0.000;   0;   8.0;  14.6; 1011.02;   13.8;   92.33;   14.5;   13.2;   13.2;eor
       1078;20210702;   10;  10.3;   2.8;    3;   0.0;   0;    7.283;   0;   4.0;  14.5; 1012.68;   17.1;   75.83;   21.6;   12.1;    9.9;eor
       1078;20210703;   10;   6.7;   2.2;    3;   0.1;   6;    8.467;   0;   4.0;  15.9; 1010.21;   19.9;   70.79;   26.7;   11.0;    9.4;eor
       1078;20210704;   10;  16.5;   2.8;    3;  20.3;   6;    4.850;   0;   6.0;  17.7; 1005.52;   18.3;   84.96;   24.3;   15.0;   13.8;eor
       1078;20210705;   10;  11.8;   3.4;    3;   1.5;   6;    1.250;   0;   6.8;  16.4; 1004.03;   17.4;   82.83;   21.2;   13.7;   13.4;eor
       1078;20210706;   10;  17.0;   6.9;    3;   1.2;   6;    4.950;   0;   6.3;  16.0; 1002.49;   19.6;   71.42;   24.0;   12.4;    9.9;eor
       1078;20210707;   10;   9.6;   3.8;    3;   0.0;   0;    7.583;   0;   4.3;  14.6; 1010.60;   19.3;   67.21;   24.7;   12.1;    9.6;eor
       1078;20210708;   10;   7.2;   2.0;    3;   0.6;   6;    1.867;   0;   6.2;  16.5; 1015.34;   18.2;   79.92;   23.2;   13.1;   10.7;eor
       1078;20210709;   10;   8.7;   2.4;    3;   0.0;   6;    3.983;   0;   5.8;  16.7; 1016.06;   19.2;   76.63;   23.6;   14.9;   11.9;eor
       1078;20210710;   10;  11.8;   2.3;    3;  19.3;   6;    3.133;   0;   5.8;  16.4; 1011.88;   18.6;   78.25;   23.5;   13.1;    9.4;eor
       1078;20210711;   10;   6.2;   2.2;    3;   0.0;   0;    3.417;   0;   6.5;  16.9; 1011.33;   18.6;   80.83;   24.6;   14.8;   13.1;eor
       1078;20210712;   10;   7.7;   2.4;    3;   4.1;   6;    5.733;   0;   6.4;  17.0; 1006.44;   20.5;   72.79;   25.6;   13.8;   12.0;eor
       1078;20210713;   10;   8.1;   2.9;    3;  31.0;   6;    0.000;   0;   7.8;  21.0; 1004.51;   19.6;   92.13;   22.5;   17.3;   16.9;eor
       1078;20210714;   10;  13.4;   3.9;    3;  49.9;   6;    0.000;   0;   8.0;  20.8; 1003.99;   18.5;   97.00;   19.8;   15.8;   14.3;eor
       1078;20210715;   10;   8.6;   2.8;    3;   0.0;   6;    1.600;   0;   7.0;  19.4; 1009.02;   19.1;   88.17;   22.6;   15.7;   15.3;eor
       1078;20210716;   10;   8.2;   3.5;    3;   0.0;   0;    0.217;   0;   7.6;  16.4; 1017.07;   18.1;   79.29;   20.5;   16.1;   16.2;eor
       1078;20210717;   10;  10.3;   3.6;    3;   0.0;   0;    9.917;   0;   3.7;  17.1; 1019.61;   20.8;   71.17;   26.2;   17.1;   13.3;eor
       1078;20210718;   10;   9.8;   3.2;    3;   0.0;   0;   14.283;   0;   0.6;  17.0; 1018.18;   21.2;   69.67;   27.2;   13.6;   10.4;eor
       1078;20210719;   10;   6.7;   2.5;    3;   0.0;   0;    2.317;   0;   3.6;  15.2; 1016.80;   17.9;   75.17;   22.1;   12.3;    9.4;eor
       1078;20210720;   10;   6.7;   2.1;    3;   0.0;   0;   13.583;   0;   0.9;  13.2; 1016.39;   17.0;   70.54;   22.7;   10.4;    7.6;eor
       1078;20210721;   10;   6.0;   1.7;    3;   0.0;   0;    9.567;   0;   2.2;  13.5; 1018.31;   18.3;   67.13;   24.4;   10.5;    8.4;eor
       1078;20210722;   10;   7.2;   2.3;    3;   0.0;   0;    7.950;   0;   3.1;  15.7; 1016.47;   19.6;   70.46;   25.3;   13.2;   11.4;eor
       1078;20210723;   10;   7.2;   2.7;    3;   0.0;   0;   14.200;   0;   0.8;  14.3; 1011.97;   19.4;   65.50;   25.4;   12.6;   10.9;eor
       1078;20210724;   10;   7.7;   2.2;    3;   0.9;   6;    0.867;   0;   6.5;  18.2; 1004.80;   19.1;   82.21;   23.2;   14.7;   13.4;eor
       1078;20210725;   10;   7.2;   2.8;    3;   1.8;   6;    8.717;   0;   4.2;  18.5; 1003.86;   20.6;   77.67;   26.7;   16.1;   14.0;eor
       1078;20210726;   10;  10.3;   4.5;    3;   0.4;   6;    4.650;   0;   5.9;  17.4; 1005.63;   20.4;   73.46;   25.0;   17.6;   16.2;eor
       1078;20210727;   10;  13.4;   4.3;    3;  13.2;   6;    3.200;   0;   6.5;  17.8; 1007.01;   19.2;   81.38;   25.1;   16.2;   15.0;eor
       1078;20210728;   10;  15.3;   5.7;    3;   5.2;   6;    4.150;   0;   6.0;  15.9; 1005.87;   19.2;   72.33;   23.8;   15.5;   14.7;eor
       1078;20210729;   10;  16.3;   6.9;    3;   0.0;   0;    9.650;   0;   5.0;  13.5; 1006.93;   17.8;   67.71;   22.3;   14.8;   11.1;eor
       1078;20210730;   10;  21.6;   5.3;    3;   0.6;   6;    7.000;   0;   5.4;  14.5; 1003.58;   19.5;   65.33;   26.0;   14.5;   12.4;eor
       1078;20210731;   10;  14.9;   6.8;    3;  14.4;   6;    3.850;   0;   6.0;  14.6; 1003.70;   18.1;   70.71;   22.1;   14.8;   13.4;eor
       1078;20210801;   10;   9.6;   3.6;    3;   2.2;   6;    4.567;   0;   6.1;  15.7; 1005.52;   16.9;   82.17;   21.1;   14.2;   13.5;eor
       1078;20210802;   10;   9.3;   1.7;    3;   0.5;   6;    0.167;   0;   6.2;  14.3; 1009.48;   15.3;   82.38;   19.1;   10.6;    8.5;eor
       1078;20210803;   10;   6.2;   2.0;    3;   0.0;   6;    0.483;   0;   6.1;  13.9; 1008.54;   15.7;   79.00;   19.8;   10.4;    8.7;eor
       1078;20210804;   10;   6.0;   1.4;    3;   2.0;   6;    7.100;   0;   4.6;  15.3; 1008.17;   17.4;   78.29;   22.6;   11.1;    8.9;eor
       1078;20210805;   10;   8.1;   2.4;    3;   0.5;   6;    4.583;   0;   5.8;  15.9; 1003.62;   19.2;   72.96;   23.5;   14.9;   14.6;eor
       1078;20210806;   10;  14.4;   5.9;    3;   2.4;   6;    2.550;   0;   6.0;  17.2;  999.16;   18.6;   80.88;   22.5;   16.5;   15.5;eor
       1078;20210807;   10;  13.4;   5.1;    3;   0.0;   6;    2.883;   0;   6.6;  15.2;  998.42;   18.7;   71.50;   23.0;   14.4;   12.0;eor
       1078;20210808;   10;  14.9;   7.1;    3;   1.1;   6;    5.233;   0;   6.1;  14.0; 1005.03;   17.0;   72.54;   20.8;   14.7;   13.8;eor
       1078;20210809;   10;  16.6;   5.0;    3;  15.8;   6;    2.967;   0;   6.3;  15.0; 1011.30;   16.7;   80.04;   22.0;   13.8;   11.6;eor
       1078;20210810;   10;   8.7;   3.4;    3;   0.7;   6;    4.133;   0;   5.5;  16.8; 1012.18;   17.2;   85.58;   22.4;   13.5;   11.1;eor
       1078;20210811;   10;   6.2;   1.9;    3;   0.0;   0;    6.933;   0;   4.1;  17.3; 1014.62;   18.5;   83.04;   24.3;   12.3;   10.8;eor
       1078;20210812;   10;   5.7;   1.6;    3;   0.0;   0;    5.700;   0;   5.3;  17.0; 1014.87;   20.0;   75.17;   26.2;   13.7;   12.1;eor
       1078;20210813;   10;  10.5;   2.9;    3;   0.0;   0;    7.233;   0;   4.3;  16.7; 1016.44;   19.6;   75.08;   25.2;   13.9;   11.6;eor
       1078;20210814;   10;   8.7;   2.8;    3;   0.0;   0;   13.617;   0;   0.9;  15.0; 1015.70;   18.8;   71.75;   24.9;   12.5;    9.9;eor
       1078;20210815;   10;  10.3;   3.7;    3;   0.0;   0;    8.983;   0;   5.1;  16.9; 1008.87;   21.0;   69.79;   27.0;   14.1;   11.5;eor
       1078;20210816;   10;  13.9;   5.8;    3;   8.1;   6;    1.200;   0;   6.3;  14.5; 1008.11;   15.5;   82.00;   18.5;   11.9;   10.6;eor
       1078;20210817;   10;  12.5;   5.0;    3;   5.7;   6;    0.267;   0;   6.4;  14.3; 1012.78;   13.9;   89.83;   17.4;   10.9;    9.8;eor
       1078;20210818;   10;   8.7;   4.1;    3;   0.6;   6;    0.000;   0;   7.8;  16.5; 1010.81;   16.8;   86.46;   18.8;   14.5;   14.4;eor
       1078;20210819;   10;   9.3;   4.0;    3;   0.0;   6;    0.150;   0;   7.3;  16.4; 1009.66;   17.6;   81.71;   20.0;   15.2;   12.6;eor
       1078;20210820;   10;   7.7;   3.0;    3;   0.5;   6;    4.200;   0;   5.0;  16.7; 1012.25;   17.6;   83.54;   22.4;   13.3;   11.7;eor
       1078;20210821;   10;   8.4;   2.2;    3;   3.5;   6;    6.067;   0;   5.3;  17.2; 1012.46;   19.6;   77.04;   25.6;   11.8;   10.4;eor
       1078;20210822;   10;  12.7;   4.5;    3;   0.0;   6;    5.367;   0;   6.0;  17.8; 1011.12;   18.8;   82.58;   22.4;   15.5;   13.6;eor
       1078;20210823;   10;   6.7;   2.6;    3;   0.0;   6;    1.633;   0;   4.8;  16.6; 1017.79;   17.7;   82.79;   21.6;   13.9;   10.6;eor
       1078;20210824;   10;  11.3;   4.0;    3;   0.0;   0;   12.833;   0;   1.9;  12.4; 1022.07;   16.9;   66.21;   21.3;   11.3;    8.1;eor
       1078;20210825;   10;  10.1;   2.5;    3;   1.3;   6;   12.467;   0;   2.9;  12.7; 1017.07;   16.9;   68.88;   23.0;    9.4;    7.0;eor
       1078;20210826;   10;   8.6;   3.7;    3;   9.8;   6;    1.567;   0;   5.8;  14.9; 1010.31;   15.7;   84.04;   20.5;   11.8;    9.0;eor
       1078;20210827;   10;  12.7;   3.4;    3;  10.6;   6;    2.017;   0;   6.1;  14.7; 1012.42;   14.7;   87.92;   18.8;   11.6;    9.8;eor
       1078;20210828;   10;  10.5;   4.0;    3;  13.7;   6;    0.917;   0;   7.2;  16.1; 1014.17;   15.8;   89.38;   18.7;   14.2;   13.8;eor
       1078;20210829;   10;  10.6;   3.7;    3;  15.5;   6;    0.117;   0;   7.6;  16.6; 1013.81;   15.7;   92.67;   18.1;   14.4;   14.0;eor
       1078;20210830;   10;   8.2;   3.2;    3;   0.0;   6;    1.150;   0;   6.1;  16.8; 1014.97;   17.4;   84.50;   21.1;   14.2;   12.8;eor
       1078;20210831;   10;   8.4;   2.9;    3;   0.0;   0;    5.017;   0;   3.6;  15.1; 1019.90;   16.7;   80.63;   22.1;   13.0;   10.1;eor
       1078;20210901;   10;   3.6;   1.5;    3;   0.0;   6;    0.000;   0;   7.0;  14.3; 1023.44;   15.1;   83.75;   17.1;    9.7;    7.0;eor
       1078;20210902;   10;   5.7;   1.6;    3;   0.0;   0;   10.033;   0;   1.7;  14.5; 1021.33;   16.0;   80.71;   23.3;    9.1;    6.4;eor
       1078;20210903;   10;   7.0;   1.7;    3;   0.0;   0;   12.383;   0;   0.4;  15.2; 1015.73;   18.1;   75.46;   25.6;   10.5;    7.6;eor
       1078;20210904;   10;   8.1;   3.6;    3;   0.0;   6;    7.733;   0;   2.8;  15.7; 1013.67;   16.0;   86.71;   20.0;   13.0;   11.5;eor
       1078;20210905;   10;   4.6;   1.9;    3;   0.0;   0;   12.150;   0;   1.1;  15.6; 1015.78;   17.9;   77.75;   25.4;   11.3;    9.5;eor
       1078;20210906;   10;   5.1;   1.3;    3;   0.0;   0;   10.367;   0;   3.0;  14.4; 1018.88;   17.9;   73.79;   25.5;   10.9;    8.3;eor
       1078;20210907;   10;   4.6;   1.9;    3;   0.0;   0;    8.233;   0;   4.3;  15.3; 1018.20;   18.9;   72.29;   25.5;   12.4;   10.7;eor
       1078;20210908;   10;   8.2;   2.5;    3;   0.0;   0;   12.117;   0;   0.6;  15.6; 1011.54;   19.7;   70.88;   27.1;   11.3;    9.6;eor
       1078;20210909;   10;   8.7;   2.8;    3;   4.4;   6;    8.333;   0;   3.1;  18.5; 1006.22;   20.6;   76.58;   27.3;   14.1;   10.7;eor
       1078;20210910;   10;   7.9;   3.1;    3;   3.2;   6;    3.167;   0;   6.5;  20.8; 1008.60;   20.2;   87.75;   23.1;   18.0;   16.3;eor
       1078;20210911;   10;   9.9;   4.0;    3;   0.5;   6;    1.600;   0;   6.7;  17.9; 1012.23;   18.5;   84.71;   21.2;   16.3;   15.1;eor
       1078;20210912;   10;  10.3;   2.3;    3;   0.0;   0;    6.750;   0;   5.6;  15.5; 1013.49;   17.1;   80.58;   21.3;   13.4;   10.6;eor
       1078;20210913;   10;   4.1;   1.7;    3;   0.0;   0;    9.400;   0;   6.5;  14.3; 1013.63;   16.2;   79.00;   21.5;   10.2;    7.5;eor
       1078;20210914;   10;   6.7;   2.4;    3;   0.1;   6;    6.383;   0;   5.1;  16.9; 1009.29;   18.7;   79.21;   24.7;   10.7;    8.3;eor
       1078;20210915;   10;   9.3;   3.8;    3;   2.5;   6;    1.233;   0;   7.2;  19.6; 1006.73;   19.5;   86.04;   22.5;   15.5;   14.6;eor
       1078;20210916;   10;   6.9;   2.6;    3;   0.0;   0;    2.300;   0;   4.8;  14.2; 1011.97;   15.4;   81.96;   20.1;   11.1;    8.9;eor
       1078;20210917;   10;   4.6;   1.4;    3;   0.0;   0;    3.300;   0;   6.7;  15.3; 1011.56;   16.3;   83.83;   21.7;   11.8;   10.1;eor
       1078;20210918;   10;   5.7;   1.9;    3;   0.0;   0;    9.500;   0;   4.0;  14.6; 1011.60;   16.1;   80.92;   22.2;   10.3;    8.4;eor
       1078;20210919;   10;   7.7;   2.8;    3;   0.0;   0;    3.883;   0;   5.1;  13.2; 1010.88;   14.4;   80.75;   19.2;    8.7;    7.0;eor
       1078;20210920;   10;   8.4;   2.8;    3;   0.0;   0;    0.233;   0;   6.6;  10.6; 1016.21;   12.7;   73.88;   16.9;    7.4;    5.0;eor
       1078;20210921;   10;   5.3;   1.8;    3;   0.0;   0;    9.783;   0;   6.0;  10.7; 1024.51;   13.5;   71.21;   18.4;    8.3;    5.6;eor
       1078;20210922;   10;   5.1;   1.8;    3;   0.0;   0;   10.000;   0;   4.5;  11.5; 1023.38;   12.9;   79.33;   20.5;    6.7;    4.1;eor
       1078;20210923;   10;  11.3;   4.4;    3;   0.1;   6;    8.433;   0;   4.2;  13.4; 1014.48;   15.4;   77.21;   20.9;    9.0;    5.9;eor
       1078;20210924;   10;   8.2;   3.7;    3;   0.0;   0;    0.650;   0;   6.3;  16.1; 1011.92;   16.5;   85.79;   20.3;   13.3;    9.2;eor
       1078;20210925;   10;   6.7;   2.8;    3;   0.0;   0;    4.433;   0;   4.4;  15.7; 1011.30;   16.7;   83.67;   22.5;   12.3;    9.0;eor
       1078;20210926;   10;   9.1;   4.1;    3;   0.0;   6;    3.833;   0;   5.8;  17.0; 1010.41;   18.7;   78.75;   24.0;   13.4;   10.1;eor
       1078;20210927;   10;  16.3;   4.8;    3;   7.1;   6;    2.200;   0;   5.3;  16.1; 1011.30;   16.3;   86.63;   21.6;   10.2;    7.9;eor
       1078;20210928;   10;   8.2;   3.2;    3;   0.0;   0;    7.167;   0;   5.2;  12.5; 1017.10;   13.6;   80.67;   18.0;    9.7;    6.4;eor
       1078;20210929;   10;  23.0;   5.7;    3;   7.5;   6;    2.150;   0;   5.8;  11.3; 1013.32;   11.5;   82.96;   13.9;    7.2;    5.4;eor
       1078;20210930;   10;  10.8;-999;    3;   0.0;   0;    5.867;   0;   4.5;   9.8; 1019.99;   11.5;   73.54;   15.6;    6.6;    4.8;eor
       1078;20211001;   10;  13.0;   6.1;    3;   3.4;   6;    7.583;   0;   6.5;  11.0; 1011.83;   13.9;   69.50;   18.7;    9.8;    8.5;eor
       1078;20211002;   10;  13.7;   5.6;    3;   2.0;   6;    0.350;   0;   7.4;  14.3; 1003.17;   15.4;   82.08;   18.9;   12.7;   11.4;eor
       1078;20211003;   10;  17.1;   7.9;    3;   7.0;   6;    0.000;   0;   7.5;  14.9;  997.19;   16.2;   80.08;   20.0;   11.4;   10.7;eor
       1078;20211004;   10;  11.7;   5.2;    3;   0.0;   0;    5.750;   0;   5.1;  11.4; 1010.77;   13.6;   74.08;   18.3;   10.9;    8.3;eor
       1078;20211005;   10;  15.3;   6.2;    3;   6.2;   6;    4.400;   0;   5.4;  12.2; 1003.23;   13.1;   80.92;   18.3;   10.6;    9.4;eor
       1078;20211006;   10;  16.5;   6.8;    3;   4.1;   6;    0.033;   0;   6.9;  12.3; 1010.20;   11.6;   89.54;   12.5;   10.3;    9.8;eor
       1078;20211007;   10;   4.6;   1.6;    3;   0.0;   0;    4.850;   0;   3.7;  12.5; 1022.44;   12.2;   88.63;   16.6;    7.4;    4.5;eor
       1078;20211008;   10;   7.2;   2.1;    3;   0.0;   0;   10.250;   0;   0.6;  11.3; 1025.36;   11.4;   84.38;   18.2;    4.4;    1.8;eor
       1078;20211009;   10;   4.6;   1.7;    3;   0.0;   0;   10.117;   0;   0.9;  10.8; 1023.90;   10.8;   84.71;   17.9;    4.6;    2.0;eor
       1078;20211010;   10;   6.7;   2.0;    3;   0.7;   6;    9.700;   0;   3.9;   9.8; 1022.12;   10.0;   80.88;   16.7;    3.8;    0.9;eor
       1078;20211011;   10;   8.7;   2.3;    3;   2.0;   6;    3.250;   0;   6.6;  11.6; 1021.15;   11.7;   85.50;   15.6;    7.7;    4.6;eor
       1078;20211012;   10;  12.0;   2.9;    3;   4.3;   6;    1.733;   0;   5.6;  11.3; 1016.01;    9.7;   92.75;   13.7;    3.3;    1.1;eor
       1078;20211013;   10;   7.2;   2.3;    3;   0.4;   6;    4.000;   0;   5.3;  10.0; 1020.32;    8.9;   87.50;   14.4;    2.1;    0.1;eor
       1078;20211014;   10;   9.3;   4.3;    3;   0.4;   6;    0.000;   0;   7.5;  12.1; 1018.95;   11.8;   87.00;   14.6;    9.5;    9.3;eor
       1078;20211015;   10;   9.6;   4.0;    3;   0.7;   6;    3.500;   0;   5.0;  10.4; 1013.68;   10.7;   81.50;   15.0;    2.9;    0.4;eor
       1078;20211016;   10;   3.6;   1.3;    3;   0.0;   0;    4.583;   0;   2.6;   8.3; 1017.40;    6.4;   87.33;   13.8;    1.4;   -1.0;eor
       1078;20211017;   10;   6.7;   2.5;    3;   0.0;   0;    2.233;   0;   6.7;   8.9; 1016.37;    8.7;   79.58;   14.2;    1.6;   -0.5;eor
       1078;20211018;   10;  11.7;   5.5;    3;   3.2;   6;    6.083;   0;   5.9;  10.1; 1017.45;   10.9;   77.13;   15.5;    6.8;    3.5;eor
       1078;20211019;   10;  11.0;   5.6;    3;   1.0;   6;    0.000;   0;   6.6;  15.1; 1012.79;   14.0;   93.04;   17.7;   11.1;   10.5;eor
       1078;20211020;   10;  16.3;   6.8;    3;   5.5;   6;    0.017;   0;   7.3;  14.1; 1000.50;   15.8;   78.04;   17.8;   12.9;   11.4;eor
       1078;20211021;   10;  25.9;   8.6;    3;   3.5;   6;    1.217;   0;   5.1;  10.4;  997.43;   10.4;   82.25;   16.0;    4.9;    2.5;eor
       1078;20211022;   10;  15.9;   6.3;    3;   0.0;   6;    2.583;   0;   4.6;   9.1; 1012.77;    8.4;   82.42;   12.2;    4.6;    3.3;eor
       1078;20211023;   10;   6.3;   2.3;    3;   0.0;   0;    2.267;   0;   4.0;   9.5; 1022.55;    8.0;   88.38;   13.6;    3.4;    1.1;eor
       1078;20211024;   10;  11.8;   4.5;    3;   0.0;   0;    9.167;   0;   0.2;   8.2; 1018.98;    8.7;   74.42;   14.2;    1.6;   -1.1;eor
       1078;20211025;   10;   9.8;   4.7;    3;   3.1;   6;    2.950;   0;   4.8;  10.2; 1014.13;    9.8;   83.67;   14.4;    5.1;    2.2;eor
       1078;20211026;   10;  10.6;   5.0;    3;   0.0;   0;    2.233;   0;   6.7;  12.1; 1016.29;   12.2;   85.54;   15.4;   10.6;    9.9;eor
       1078;20211027;   10;   9.8;   5.0;    3;   0.0;   0;    3.317;   0;   5.5;  12.7; 1018.20;   13.5;   82.17;   17.5;    9.8;    7.8;eor
       1078;20211028;   10;  14.4;   6.3;    3;   0.0;   0;    8.917;   0;   0.9;  11.0; 1011.98;   11.4;   82.75;   16.5;    8.1;    6.3;eor
       1078;20211029;   10;  13.0;   6.8;    3;   3.2;   6;    5.217;   0;   4.5;  10.8; 1003.83;   12.9;   73.13;   17.4;    9.2;    8.1;eor
       1078;20211030;   10;  12.5;   5.7;    3;   6.9;   6;    0.000;   0;   7.7;  12.0;  999.19;   12.3;   83.79;   14.1;   10.6;    9.3;eor
       1078;20211031;   10;  25.9;   5.5;    3;   4.0;   6;    3.367;   0;   7.0;  13.2;  997.85;   13.2;   87.42;   17.6;    9.1;    7.3;eor
       1078;20211101;   10;  13.2;   5.5;    3;   0.0;   0;    4.067;   0;   3.3;   9.7;  995.50;   10.2;   78.08;   13.6;    6.4;    2.7;eor
       1078;20211102;   10;   9.6;   3.8;    3;   2.7;   6;    0.283;   0;   4.9;   9.4;  995.68;    7.4;   91.00;   10.2;    4.4;    1.0;eor
       1078;20211103;   10;   6.9;   2.3;    3;   3.7;   6;    0.000;   0;   7.5;   9.1;  996.60;    6.3;   94.21;    7.7;    3.8;    1.1;eor
       1078;20211104;   10;   5.7;   2.5;    3;   0.3;   6;    0.000;   0;   7.1;   9.3; 1002.40;    6.5;   95.83;    8.9;    3.0;    0.5;eor
       1078;20211105;   10;   5.7;   2.6;    3;   0.0;   0;    0.433;   0;   6.3;  10.0; 1017.59;    8.0;   93.58;   11.7;    3.6;    1.3;eor
       1078;20211106;   10;  15.9;   5.5;    3;   0.0;   6;    3.750;   0;   5.4;   8.9; 1021.62;    7.9;   83.21;   11.6;    2.9;   -0.2;eor
       1078;20211107;   10;  14.7;   6.5;    3;   0.7;   6;    2.550;   0;   6.3;   9.9; 1012.50;    9.7;   83.00;   12.7;    5.7;    2.4;eor
       1078;20211108;   10;   5.1;   2.2;    3;   0.0;   6;    1.150;   0;   5.9;   9.6; 1018.15;    8.0;   89.50;   10.6;    3.7;    0.4;eor
       1078;20211109;   10;   8.2;   3.0;    3;   0.0;   0;    8.000;   0;   1.8;   8.0; 1021.79;    7.1;   81.08;   12.5;    2.6;   -0.2;eor
       1078;20211110;   10;   7.7;   2.4;    3;   0.0;   0;    3.717;   0;   3.0;   7.4; 1020.25;    4.9;   85.92;   10.1;   -0.9;   -3.4;eor
       1078;20211111;   10;   5.1;   1.8;    3;   0.0;   6;    4.450;   0;   4.3;   7.5; 1019.87;    4.2;   89.92;    8.2;   -1.3;   -4.1;eor
       1078;20211112;   10;  11.7;   5.0;    3;   1.2;   6;    3.567;   0;   5.4;   7.7; 1012.78;    5.4;   86.21;    9.4;    1.5;   -1.1;eor
       1078;20211113;   10;  11.1;   4.2;    3;   2.2;   6;    0.033;   0;   7.8;  10.4; 1007.77;    8.0;   96.17;   10.0;    5.5;    5.1;eor
       1078;20211114;   10;   6.7;   2.4;    3;   0.0;   0;    0.583;   0;   6.0;   9.9; 1017.38;    8.1;   91.63;   10.3;    2.8;    0.2;eor
       1078;20211115;   10;   7.5;   3.0;    3;   0.0;   6;    0.000;   0;   8.0;   8.6; 1020.75;    7.1;   85.25;    8.3;    6.1;    5.8;eor
       1078;20211116;   10;   4.1;   1.5;    3;   0.1;   6;    0.000;   0;   8.0;   8.4; 1017.95;    5.8;   90.58;    6.3;    4.8;    4.7;eor
       1078;20211117;   10;   7.7;   3.3;    3;   0.1;   6;    0.000;   0;   6.8;   9.1; 1017.54;    6.2;   95.50;    9.1;    2.5;   -0.5;eor
       1078;20211118;   10;   9.8;   4.6;    3;   0.1;   6;    5.017;   0;   6.4;   9.3; 1023.73;    7.5;   89.38;   10.9;    2.5;   -0.3;eor
       1078;20211119;   10;   7.7;   4.0;    3;   0.4;   6;    0.000;   0;   7.9;  11.9; 1024.83;   10.2;   95.58;   11.4;    8.8;    8.2;eor
       1078;20211120;   10;   7.5;   3.5;    3;   0.2;   6;    0.000;   0;   7.7;  10.3; 1019.19;    9.3;   87.71;   10.5;    7.6;    7.2;eor
       1078;20211121;   10;   9.6;   2.8;    3;   1.8;   6;    0.000;   0;   6.3;   9.3; 1008.82;    6.8;   93.29;    9.5;    1.2;   -1.9;eor
       1078;20211122;   10;   9.9;   3.0;    3;   0.0;   6;    4.533;   0;   3.2;   6.7; 1020.80;    3.7;   84.75;    7.4;   -2.3;   -4.8;eor
       1078;20211123;   10;   4.1;   1.8;    3;   0.8;   6;    0.000;   0;   6.8;   7.5; 1025.42;    3.0;   98.25;    5.7;   -2.8;   -4.6;eor
       1078;20211124;   10;   6.2;   1.7;    3;   0.0;   0;    0.000;   0;   6.8;   8.0; 1017.18;    5.6;   87.75;    7.8;    0.2;   -2.6;eor
       1078;20211125;   10;   5.3;   2.1;    3;   0.5;   6;    0.633;   0;   6.8;   7.1; 1006.92;    3.1;   92.88;    4.5;    0.2;   -2.7;eor
       1078;20211126;   10;  13.9;   5.4;    3;   3.9;   6;    0.000;   0;   7.8;   7.3;  991.15;    4.3;   88.33;    5.3;    3.7;    3.0;eor
       1078;20211127;   10;   9.8;   4.1;    3;   0.0;   6;    3.433;   0;   6.3;   6.6;  984.74;    3.7;   82.96;    6.1;    1.6;   -0.6;eor
       1078;20211128;   10;   6.7;   2.2;    3;   0.1;   6;    1.700;   0;   6.6;   6.5;  993.04;    2.7;   88.46;    5.3;   -1.4;   -3.8;eor
       1078;20211129;   10;   8.7;   3.5;    3;   3.0;   8;    0.950;   0;   5.8;   6.7; 1003.05;    2.5;   91.50;    5.8;   -2.3;   -4.7;eor
       1078;20211130;   10;  14.6;   7.3;    3;  11.9;   6;    0.000;   0;   8.0;   9.7; 1002.55;    7.0;   95.08;    9.7;    2.7;    2.2;eor
       1078;20211201;   10;  18.2;   8.6;    3;   1.6;   6;    0.000;   0;   7.1;   9.4;  990.92;    8.0;   87.29;    9.4;    4.2;    2.4;eor
       1078;20211202;   10;  12.0;   4.0;    3;   0.0;   6;    0.367;   0;   5.3;   6.7;  998.38;    2.9;   88.46;    5.3;   -2.6;   -5.3;eor
       1078;20211203;   10;  15.3;   5.9;    3;   0.4;   6;    0.000;   0;   7.1;   6.5; 1003.50;    2.8;   87.54;    5.0;   -2.6;   -4.9;eor
       1078;20211204;   10;   9.4;   4.7;    3;   6.8;   6;    0.367;   0;   7.5;   7.8;  992.78;    4.4;   92.71;    5.6;    3.2;    1.9;eor
       1078;20211205;   10;   8.7;   3.5;    3;   0.4;   6;    0.083;   0;   6.8;   7.2;  998.40;    4.2;   87.38;    5.9;    3.0;    1.6;eor
       1078;20211206;   10;  12.0;   3.2;    3;   6.8;   8;    2.000;   0;   6.1;   6.7; 1006.79;    2.3;   92.42;    4.2;   -1.6;   -4.0;eor
       1078;20211207;   10;  19.0;   6.1;    3;   0.7;   6;    5.533;   0;   5.6;   6.8; 1000.88;    4.0;   84.13;    6.4;    1.4;   -0.2;eor
       1078;20211208;   10;  16.3;   5.7;    3;   0.0;   0;    0.850;   0;   6.9;   7.1;  993.21;    5.5;   78.54;    7.4;    2.9;   -0.5;eor
       1078;20211209;   10;   8.7;   4.2;    3;   0.7;   6;    0.883;   0;   5.6;   6.9;  998.95;    3.4;   87.96;    5.1;    0.4;   -3.4;eor
       1078;20211210;   10;  12.9;   4.4;    3;   0.0;   6;    0.050;   0;   6.3;   6.2;  990.99;    3.2;   80.58;    5.1;   -2.1;   -5.1;eor
       1078;20211211;   10;   8.7;   2.6;    3;   1.9;   6;    0.133;   0;   6.2;   6.8; 1010.18;    1.7;   97.42;    4.9;   -3.2;   -5.5;eor
       1078;20211212;   10;  10.1;   4.9;    3;   2.0;   6;    0.000;   0;   7.8;   9.3; 1018.14;    6.3;   95.96;    9.6;    2.8;    1.9;eor
       1078;20211213;   10;   7.2;   3.4;    3;   0.0;   6;    0.000;   0;   7.6;  10.0; 1022.37;    8.8;   88.46;   10.3;    7.6;    6.7;eor
       1078;20211214;   10;   5.7;   2.9;    3;   0.0;   6;    0.050;   0;   7.8;   9.9; 1023.19;    7.8;   92.79;    8.7;    6.5;    5.7;eor
       1078;20211215;   10;   6.7;   3.4;    3;   0.0;   6;    0.000;   0;   8.0;  10.7; 1026.70;    8.7;   95.00;    9.6;    8.1;    7.7;eor
       1078;20211216;   10;   3.3;   1.2;    3;   0.0;   0;    0.000;   0;   7.6;  10.4; 1032.38;    7.6;   99.42;    8.7;    5.1;    1.3;eor
       1078;20211217;   10;   4.6;   1.5;    3;   0.0;   6;    0.000;   0;   7.8;  10.2; 1035.00;    7.7;   95.96;    8.8;    4.7;    2.9;eor
       1078;20211218;   10;   4.6;   1.7;    3;   0.7;   6;    0.000;   0;   8.0;   9.6; 1033.75;    6.7;   97.67;    7.5;    5.6;    5.5;eor
       1078;20211219;   10;   7.7;   2.9;    3;   0.5;   6;    0.000;   0;   7.9;   9.1; 1026.42;    6.1;   96.63;    6.6;    5.5;    5.4;eor
       1078;20211220;   10;   6.7;   2.3;    3;   0.0;   0;    6.583;   0;   3.0;   6.5; 1022.82;    3.6;   81.17;    6.9;   -4.9;   -6.9;eor
       1078;20211221;   10;   3.1;   1.0;    3;   0.0;   0;    6.633;   0;   0.2;   4.7; 1021.75;   -1.9;   88.58;    4.8;   -5.5;   -8.5;eor
       1078;20211222;   10;  12.0;   4.5;    3;   0.0;   0;    5.533;   0;   5.0;   4.5; 1018.97;   -0.4;   76.71;    2.5;   -4.9;   -7.9;eor
       1078;20211223;   10;  11.8;   5.4;    3;   3.2;   6;    0.033;   0;   7.5;   6.2; 1006.19;    2.9;   79.21;    8.2;   -0.4;   -1.5;eor
       1078;20211224;   10;  12.0;   5.3;    3;   2.3;   6;    0.000;   0;   7.8;  10.1;  999.92;    8.2;   93.04;    9.4;    4.9;    4.6;eor
       1078;20211225;   10;  10.6;   4.9;    3;   3.3;   8;    0.000;   0;   6.7;   5.7; 1002.80;    0.7;   85.96;    4.9;   -2.7;   -3.5;eor
       1078;20211226;   10;   9.8;   3.8;    3;   0.6;   6;    0.050;   0;   7.0;   5.9; 1001.40;    1.8;   82.96;    4.4;   -2.1;   -3.0;eor
       1078;20211227;   10;  10.8;   5.9;    3;   1.0;   6;    1.267;   0;   7.0;   8.9;  995.08;    6.5;   92.00;    8.4;    3.7;    3.4;eor
       1078;20211228;   10;  16.8;   5.8;    3;  14.9;   6;    0.100;   0;   7.1;  10.4;  989.38;    8.7;   92.58;   10.8;    6.6;    6.1;eor
       1078;20211229;   10;  10.5;   5.2;    3;   6.2;   6;    0.183;   0;   7.8;  11.3; 1001.27;    9.7;   93.67;   13.1;    8.4;    7.9;eor
       1078;20211230;   10;  14.1;   6.5;    3;   0.1;   6;    0.000;   0;   7.6;  14.2; 1010.73;   13.6;   90.83;   15.2;   11.5;   10.7;eor
       1078;20211231;   10;  12.0;   5.7;    3;   0.0;   6;    1.433;   0;   6.9;  12.6; 1014.87;   13.3;   81.92;   14.7;   11.9;   10.5;eor
       1078;20220101;   10;  12.3;   5.2;    3;   0.6;   6;    0.733;   0;   7.0;  12.2; 1018.26;   12.8;   82.33;   14.9;   11.0;   10.1;eor
       1078;20220102;   10;  18.3;   7.2;    3;  14.1;   6;    0.000;   0;   7.4;  11.3; 1009.30;   11.4;   84.00;   13.5;    9.5;    9.0;eor
       1078;20220103;   10;  14.2;   6.9;    3;   4.7;   6;    0.050;   0;   6.2;  10.1; 1005.45;    9.7;   84.58;   11.6;    7.8;    7.0;eor
       1078;20220104;   10;   9.1;   3.7;    3;   9.1;   6;    0.000;   0;   8.0;   9.2;  993.75;    6.8;   93.25;    8.1;    3.0;    2.6;eor
       1078;20220105;   10;  16.5;   6.8;    3;   1.1;   6;    0.000;   0;   6.3;   7.1; 1001.48;    3.8;   87.63;    5.3;    1.5;    0.1;eor
       1078;20220106;   10;  10.5;   3.4;    3;   1.5;   8;    3.433;   0;   3.3;   6.7; 1013.29;    2.9;   89.08;    5.8;   -0.8;   -2.7;eor
       1078;20220107;   10;  12.5;   5.9;    3;   1.2;   8;    0.000;   0;   7.2;   6.8; 1007.30;    3.4;   87.04;    5.7;    1.4;   -0.1;eor
       1078;20220108;   10;  14.2;   5.9;    3;  11.9;   6;    0.417;   0;   6.0;   6.6; 1000.69;    2.3;   91.67;    4.4;   -1.5;   -3.9;eor
       1078;20220109;   10;  14.2;   5.4;    3;   0.3;   6;    1.200;   0;   5.9;   7.4;  994.98;    4.3;   89.08;    6.4;   -1.2;   -4.2;eor
       1078;20220110;   10;   6.2;   2.0;    3;   0.0;   0;    6.817;   0;   1.1;   6.2; 1016.76;    1.3;   93.17;    6.5;   -2.0;   -5.0;eor
       1078;20220111;   10;   7.4;   3.0;    3;   0.0;   6;    3.650;   0;   6.4;   6.1; 1028.72;    1.1;   92.58;    4.6;   -1.0;   -2.1;eor
       1078;20220112;   10;   7.7;   2.4;    3;   0.0;   0;    0.000;   0;   7.7;   6.6; 1034.42;    2.4;   89.83;    3.4;    0.8;   -0.4;eor
       1078;20220113;   10;   5.7;   2.8;    3;   0.0;   0;    4.183;   0;   6.0;   6.5; 1035.75;    1.8;   93.75;    4.8;   -0.4;   -2.6;eor
       1078;20220114;   10;   5.5;   1.7;    3;   0.0;   0;    0.000;   0;   8.0;   6.9; 1031.10;    1.8;   99.00;    3.4;    0.0;   -0.3;eor
       1078;20220115;   10;   7.5;   3.3;    3;   0.0;   0;    0.000;   0;   8.0;   6.9; 1023.75;    2.1;   97.21;    3.3;    0.6;    0.8;eor
       1078;20220116;   10;  10.3;   5.1;    3;   0.6;   6;    0.183;   0;   7.8;   7.4; 1020.74;    3.8;   92.33;    5.3;    1.7;    1.7;eor
       1078;20220117;   10;  10.3;   4.4;    3;   0.5;   6;    0.017;   0;   7.4;   8.8; 1028.52;    6.2;   92.50;    7.9;    4.7;    3.6;eor
       1078;20220118;   10;   5.1;   1.6;    3;   0.0;   0;    0.817;   0;   6.5;   8.5; 1032.49;    6.4;   88.38;    8.1;    0.0;   -2.8;eor
       1078;20220119;   10;   9.3;   4.4;    3;   0.9;   6;    0.000;   0;   6.8;   7.1; 1020.53;    3.8;   88.63;    5.7;   -0.3;   -3.8;eor
       1078;20220120;   10;  13.7;   5.0;    3;   0.4;   8;    2.367;   0;   5.0;   6.1; 1022.48;    3.2;   79.75;    4.7;    0.4;   -1.4;eor
       1078;20220121;   10;   8.7;   3.1;    3;   0.5;   6;    1.333;   0;   6.0;   6.6; 1028.35;    2.5;   89.08;    5.5;   -2.5;   -4.1;eor
       1078;20220122;   10;   9.4;   3.7;    3;   0.2;   6;    0.000;   0;   8.0;   8.1; 1029.05;    5.1;   92.29;    6.3;    3.8;    3.5;eor
       1078;20220123;   10;   5.7;   1.4;    3;   0.1;   6;    0.000;   0;   7.8;   7.8; 1030.82;    4.9;   89.46;    6.2;    2.5;   -0.8;eor
       1078;20220124;   10;   6.7;   2.9;    3;   0.0;   0;    0.467;   0;   6.9;   6.6; 1029.54;    4.4;   78.92;    6.3;    2.2;   -1.6;eor
       1078;20220125;   10;   4.6;   1.8;    3;   0.0;   0;    0.000;   0;   8.0;   6.2; 1028.84;    3.0;   81.63;    3.9;    2.5;    2.2;eor
       1078;20220126;   10;   9.6;   4.1;    3;   0.0;   6;    0.000;   0;   8.0;   6.1; 1027.10;    2.5;   83.25;    3.0;    1.9;    1.7;eor
       1078;20220127;   10;  11.5;   6.4;    3;   1.5;   6;    0.000;   0;   6.9;   7.8; 1020.46;    5.5;   85.54;    8.1;    2.7;    2.5;eor
       1078;20220128;   10;  10.3;   4.2;    3;   0.0;   6;    3.733;   0;   5.2;   7.2; 1027.89;    5.2;   81.29;    8.4;    3.0;   -0.1;eor
       1078;20220129;   10;  16.6;   7.1;    3;   2.9;   6;    0.000;   0;   7.2;   9.2; 1020.14;    8.1;   85.13;   10.6;    5.5;    5.2;eor
       1078;20220130;   10;  11.8;   4.9;    3;   2.1;   6;    3.100;   0;   5.5;   6.4; 1022.19;    5.6;   70.42;    7.9;    2.7;   -1.4;eor
       1078;20220131;   10;  20.4;   8.3;    3;   9.0;   6;    0.000;   0;   7.5;   7.5; 1006.98;    5.0;   85.58;    6.0;    3.1;    1.7;eor
       1078;20220201;    3;  14.1;   6.3;    3;   2.4;   6;    0.000;   0;   7.3;   8.1; 1011.03;    5.7;   86.88;    9.3;    2.7;    1.4;eor
       1078;20220202;    3;  12.5;   4.4;    3;   0.2;   6;    2.317;   0;   6.2;   8.4; 1014.10;    7.9;   79.08;   10.1;    4.5;    0.3;eor
       1078;20220203;    3;  11.3;   5.0;    3;   0.3;   6;    0.000;   0;   7.9;   9.2; 1011.88;    7.3;   89.67;    8.5;    6.1;    5.7;eor
       1078;20220204;    3;  19.0;   7.3;    3;   1.7;   6;    0.017;   0;   6.8;   8.1; 1006.34;    6.5;   83.54;    9.1;    3.1;    1.6;eor
       1078;20220205;    3;  18.0;   7.2;    3;   2.5;   6;    4.100;   0;   5.2;   6.5; 1014.02;    5.2;   74.00;    8.0;    2.1;    0.6;eor
       1078;20220206;    3;  23.5;   9.8;    3;  11.8;   8;    0.000;   0;   7.6;   8.4; 1000.45;    6.6;   85.25;    8.6;    2.7;    1.9;eor
       1078;20220207;    3;  14.1;   6.0;    3;   0.0;   6;    3.967;   0;   5.8;   6.6; 1016.54;    5.2;   74.33;    8.0;    2.7;    1.3;eor
       1078;20220208;    3;  11.3;   5.7;    3;   0.1;   6;    0.000;   0;   7.3;   9.3; 1022.67;    8.5;   84.08;   10.8;    5.4;    5.0;eor
       1078;20220209;    3;  11.3;   4.9;    3;   0.0;   6;    0.517;   0;   6.7;   9.3; 1020.81;    8.7;   82.46;   10.9;    6.2;    2.5;eor
       1078;20220210;    3;  11.1;   3.2;    3;   5.2;   6;    0.000;   0;   7.4;   8.3; 1015.85;    5.8;   90.17;    7.6;    3.0;    1.7;eor
       1078;20220211;    3;  14.7;   5.0;    3;   0.0;   6;    4.683;   0;   4.0;   5.7; 1023.90;    3.9;   72.25;    7.7;   -1.9;   -5.0;eor
       1078;20220212;    3;  12.7;   5.4;    3;   0.0;   0;    7.333;   0;   4.3;   4.9; 1023.25;    2.5;   68.08;    7.3;   -1.9;   -5.3;eor
       1078;20220213;    3;  16.8;   7.1;    3;   0.0;   0;    8.150;   0;   5.1;   5.6; 1007.70;    5.8;   61.08;   11.5;    0.4;   -1.1;eor
       1078;20220214;    3;  16.6;   7.6;    3;   0.0;   6;    1.900;   0;   6.1;   7.8;  997.80;    9.3;   66.42;   12.0;    5.9;    3.5;eor
       1078;20220215;    3;  15.4;   6.4;    3;   4.2;   6;    2.800;   0;   6.8;   7.7; 1004.73;    7.4;   76.08;    9.7;    4.8;    2.9;eor
       1078;20220216;    3;  23.0;   9.6;    3;   7.6;   6;    0.000;   0;   7.8;  11.5;  993.76;   10.9;   87.04;   13.6;    7.7;    6.9;eor
       1078;20220217;    3;  23.5;  10.6;    3;   0.0;   6;    4.300;   0;   5.3;   7.6;  999.74;    9.9;   61.71;   13.4;    4.8;    2.0;eor
       1078;20220218;    3;  29.8;  10.6;    3;   1.4;   6;    0.467;   0;   6.9;   8.1;  996.77;    9.0;   70.29;   14.5;    5.2;    3.8;eor
       1078;20220219;    3;  20.9;  10.6;    3;   3.5;   6;    4.017;   0;   5.6;   6.0; 1006.02;    6.3;   62.46;    8.7;    4.3;    2.9;eor
       1078;20220220;    3;  28.3;  10.3;    3;  10.1;   8;    0.000;   0;   7.7;   9.3; 1000.94;    8.3;   84.13;   11.3;    2.6;    0.7;eor
       1078;20220221;    3;  23.3;  10.0;    3;   4.4;   6;    1.100;   0;   6.5;   7.1;  997.84;    5.7;   77.58;    7.7;    2.0;    1.0;eor
       1078;20220222;    3;  18.5;   6.1;    3;   1.6;   6;    0.117;   0;   5.8;   8.4; 1012.77;    6.8;   84.25;   10.1;    2.2;    0.4;eor
       1078;20220223;    3;  12.3;   4.4;    3;   0.0;   0;    9.450;   0;   2.6;   7.2; 1018.75;    6.9;   73.83;   11.5;    0.4;   -4.0;eor
       1078;20220224;    3;  29.7;   6.9;    3;   3.5;   8;    1.450;   0;   6.9;   7.4; 1007.69;    7.2;   73.67;   11.5;    1.5;    0.2;eor
       1078;20220225;    3;  15.6;   5.3;    3;   2.0;   8;    2.033;   0;   3.3;   6.5; 1017.84;    3.6;   81.63;    7.7;   -1.4;   -4.2;eor
       1078;20220226;    3;   7.5;   1.9;    3;   0.0;   0;    5.217;   0;   3.1;   5.9; 1029.35;    2.1;   85.00;    7.9;   -2.3;   -5.1;eor
       1078;20220227;    3;  14.6;   5.2;    3;   0.0;   0;    9.883;   0;   0.0;   5.0; 1026.95;    4.5;   61.29;    9.8;   -2.4;   -6.0;eor
       1078;20220228;    3;-999;-999;    3;   0.0;   0;    9.967;   0;   0.0;   4.6; 1025.63;    6.1;   50.21;   11.6;   -0.7;   -5.7;eor
       1078;20220301;    3;-999;-999;    3;   0.0;   0;    1.750;   0;   6.0;   4.5; 1023.49;    5.8;   49.08;   10.4;    2.0;   -3.5;eor
       1078;20220302;    3;   6.2;   2.4;    3;   0.0;   0;    9.500;   0;   3.2;   4.2; 1018.60;    5.4;   50.00;   12.5;   -0.4;   -4.1;eor
       1078;20220303;    3;  12.7;   2.8;    3;   0.0;   0;   10.150;   0;   0.4;   4.3; 1014.15;    4.9;   53.83;   13.3;   -3.1;   -6.9;eor
       1078;20220304;    3;   8.2;   2.4;    3;   0.0;   0;   10.217;   0;   0.0;   4.5; 1015.92;    3.1;   62.92;   11.9;   -4.1;   -8.5;eor
       1078;20220305;    3;   8.2;   2.9;    3;   0.0;   0;   10.217;   0;   0.0;   4.3; 1016.20;    2.9;   60.67;    9.6;   -3.6;   -7.0;eor
       1078;20220306;    3;  11.0;   3.0;    3;   0.0;   0;    5.483;   0;   3.2;   4.2; 1020.34;    1.1;   66.42;    7.2;   -3.7;   -7.5;eor
       1078;20220307;    3;  10.1;   3.3;    3;   0.0;   0;   10.183;   0;   2.2;   4.1; 1021.34;    2.1;   60.46;    8.5;   -4.1;   -7.7;eor
       1078;20220308;    3;  15.9;   4.8;    3;   0.0;   0;   10.467;   0;   0.0;   3.9; 1017.41;    5.2;   45.46;   11.1;   -1.7;   -6.4;eor
       1078;20220309;    3;   9.9;   4.4;    3;   0.0;   0;   10.533;   0;   0.3;   3.8; 1018.08;    7.5;   37.83;   13.8;    2.4;   -2.0;eor
       1078;20220310;    3;  10.3;   4.6;    3;   0.0;   0;   10.583;   0;   0.4;   4.3; 1018.23;    9.3;   37.96;   16.3;    1.1;   -4.7;eor
       1078;20220311;    3;  15.8;   7.5;    3;   0.0;   6;   10.167;   0;   2.6;   4.6; 1011.52;    9.8;   37.96;   14.4;    5.5;    3.4;eor
       1078;20220312;    3;  13.7;   5.8;    3;   0.0;   0;    5.583;   0;   6.9;   6.4; 1012.13;   11.1;   47.38;   15.0;    7.6;    5.9;eor
       1078;20220313;    3;  10.6;   5.1;    3;   4.5;   6;    6.617;   0;   5.7;   6.1; 1010.22;   11.5;   44.79;   17.3;    6.2;    3.4;eor
       1078;20220314;    3;  10.5;   3.7;    3;   0.0;   6;    1.817;   0;   6.3;   9.0; 1019.92;    9.4;   76.63;   12.9;    4.8;    1.5;eor
       1078;20220315;    3;   6.7;   3.0;    3;   0.0;   6;    0.500;   0;   7.0;   8.0; 1020.52;    8.1;   74.63;   11.8;    2.3;    0.8;eor
       1078;20220316;    3;  13.2;   5.0;    3;   1.2;   6;    7.000;   0;   6.0;   7.6; 1018.39;    8.6;   69.96;   14.5;    0.1;   -1.0;eor
       1078;20220317;    3;  12.3;   4.1;    3;   0.5;   6;    0.067;   0;   7.5;   8.2; 1024.33;    8.4;   74.33;   12.0;    1.4;   -1.9;eor
       1078;20220318;    3;  10.3;   3.6;    3;   0.0;   0;   11.017;   0;   1.7;   6.5; 1037.15;    7.2;   67.79;   14.4;   -1.5;   -5.0;eor
       1078;20220319;    3;  17.0;   5.8;    3;   0.0;   0;   11.200;   0;   0.7;   6.1; 1034.73;    8.4;   56.96;   13.0;    4.0;    1.1;eor
       1078;20220320;    3;  12.2;   5.1;    3;   0.9;   6;    4.517;   0;   5.7;   5.9; 1023.92;    7.6;   56.04;   12.1;    3.0;    1.1;eor
       1078;20220321;    3;   7.7;   2.4;    3;   0.0;   0;   10.183;   0;   2.2;   8.1; 1025.73;   10.8;   65.83;   18.6;    2.2;   -0.2;eor
       1078;20220322;    3;   7.7;   3.1;    3;   0.0;   0;   11.217;   0;   1.8;   5.7; 1026.15;   12.8;   39.83;   19.4;    5.0;   -1.4;eor
       1078;20220323;    3;   5.7;   1.5;    3;   0.0;   0;   11.283;   0;   0.0;   5.7; 1025.34;   10.2;   50.33;   18.8;    2.3;   -2.6;eor
       1078;20220324;    3;   4.6;   1.5;    3;   0.0;   0;   10.383;   0;   0.0;   6.1; 1024.04;    9.7;   55.96;   18.1;    0.9;   -3.2;eor
       1078;20220325;    3;  11.1;   2.8;    3;   0.0;   0;   10.917;   0;   0.5;   6.6; 1024.74;    9.9;   58.25;   17.5;    0.2;   -3.6;eor
       1078;20220326;    3;  12.7;   2.9;    3;   0.0;   0;   11.217;   0;   1.0;   7.7; 1026.24;   11.2;   60.63;   18.5;    2.6;   -2.4;eor
       1078;20220327;    3;   6.7;   2.6;    3;   0.0;   0;    7.450;   0;   2.2;   9.3; 1025.12;   11.1;   72.83;   17.4;    5.3;    1.5;eor
       1078;20220328;    3;   8.2;   1.7;    3;   0.0;   0;   10.233;   0;   2.4;   9.0; 1016.85;   10.5;   72.79;   18.1;    2.6;   -0.5;eor
       1078;20220329;    3;   7.7;   3.0;    3;   0.0;   0;    3.183;   0;   7.3;   8.4; 1007.00;    9.3;   72.21;   12.8;    5.9;    3.2;eor
       1078;20220330;    3;   8.2;   3.7;    3;   0.6;   6;    7.550;   0;   6.6;   6.9;  999.20;    8.5;   63.29;   13.2;    3.8;    2.6;eor
       1078;20220331;    3;  10.3;   3.1;    3;   8.5;   8;    0.000;   0;   8.0;   7.6;  994.73;    4.9;   87.29;    6.6;    2.2;    2.0;eor
       1078;20220401;    3;  13.2;   6.4;    3;   3.2;   8;    0.000;   0;   7.7;   5.7; 1002.63;    1.2;   85.33;    2.2;    0.5;    0.1;eor
       1078;20220402;    3;  12.7;   4.8;    3;   0.0;   8;    0.467;   0;   7.3;   4.7; 1012.33;    2.9;   63.83;    5.8;    0.7;    0.1;eor
       1078;20220403;    3;   7.7;   2.7;    3;   0.0;   0;    5.900;   0;   4.8;   5.0; 1017.29;    3.2;   66.04;    7.7;   -1.9;   -5.4;eor
       1078;20220404;    3;  20.7;   8.9;    3;  12.3;   6;    0.300;   0;   7.0;   7.1; 1006.53;    4.4;   83.71;    8.0;   -0.8;   -4.0;eor
       1078;20220405;    3;  12.7;   5.6;    3;  12.6;   6;    0.033;   0;   7.6;  11.4; 1001.09;   10.2;   91.08;   12.7;    8.0;    7.6;eor
       1078;20220406;    3;  16.5;   8.2;    3;   1.9;   6;    0.017;   0;   7.3;   9.2;  996.66;   10.0;   75.08;   11.7;    8.3;    7.2;eor
       1078;20220407;    3;  28.8;  10.6;    3;  11.4;   6;    2.267;   0;   6.8;   8.8;  984.27;    9.5;   73.96;   13.6;    6.5;    5.1;eor
       1078;20220408;    3;  13.5;   4.2;    3;   0.0;   6;    0.833;   0;   6.8;   6.8;  993.88;    6.7;   70.00;    8.6;    2.5;    0.9;eor
       1078;20220409;    3;  18.7;   5.6;    3;   0.6;   8;    5.367;   0;   4.3;   6.3; 1006.69;    5.8;   69.50;   10.6;    1.5;   -1.5;eor
       1078;20220410;    3;   9.3;   2.9;    3;   0.0;   6;    9.133;   0;   4.4;   5.7; 1015.39;    5.8;   64.92;   12.1;   -1.2;   -4.7;eor
       1078;20220411;    3;  12.0;   4.1;    3;   0.0;   0;   11.167;   0;   6.8;   5.8; 1011.78;   10.2;   47.83;   16.4;    1.5;   -2.1;eor
       1078;20220412;    3;  11.8;   5.0;    3;   0.0;   0;   10.117;   0;   6.8;   8.4; 1005.76;   15.9;   47.17;   22.8;    9.6;    6.5;eor
       1078;20220413;    3;   6.3;   2.4;    3;   1.1;   6;    5.033;   0;   7.2;  11.9; 1011.59;   15.2;   69.00;   20.0;   10.1;    6.2;eor
       1078;20220414;    3;   6.7;   2.4;    3;   0.0;   0;    6.000;   0;   5.6;  12.2; 1016.69;   14.4;   75.92;   19.6;    9.1;    4.0;eor
       1078;20220415;    3;   7.7;   2.9;    3;   0.0;   0;    3.067;   0;   5.0;   9.1; 1022.69;    9.0;   80.50;   13.0;    4.4;    0.6;eor
       1078;20220416;    3;  10.3;   4.3;    3;   0.0;   0;   12.700;   0;   2.1;   7.5; 1026.45;   10.1;   63.17;   16.4;    4.1;   -1.5;eor
       1078;20220417;    3;  10.3;   3.3;    3;   0.0;   0;   13.033;   0;   0.6;   5.9; 1021.54;   10.9;   47.42;   18.9;    2.6;   -2.4;eor
       1078;20220418;    3;   7.7;   2.9;    3;   0.0;   0;   13.083;   0;   1.4;   5.9; 1013.48;   12.9;   41.25;   20.1;    4.6;    0.3;eor
       1078;20220419;    3;  10.8;   4.0;    3;   0.0;   0;   12.617;   0;   2.4;   7.0; 1009.41;   11.8;   54.00;   18.5;    2.7;   -1.0;eor
       1078;20220420;    3;   9.8;   3.7;    3;   0.0;   0;   13.150;   0;   1.1;   7.0; 1010.55;   12.0;   51.33;   17.6;    3.7;   -0.8;eor
       1078;20220421;    3;  12.0;   4.8;    3;   0.0;   0;   10.050;   0;   4.3;   8.1; 1007.05;   11.8;   59.67;   17.2;    5.2;    0.4;eor
       1078;20220422;    3;  13.4;   5.6;    3;   0.0;   0;    6.933;   0;   4.3;   9.5; 1001.69;   12.3;   67.17;   16.7;    7.7;    4.8;eor
       1078;20220423;    3;  12.5;   5.1;    3;   0.0;   0;    8.667;   0;   3.8;   9.3;  999.13;   13.9;   60.33;   19.3;    7.9;    3.1;eor
       1078;20220424;    3;  12.9;   5.9;    3;  13.1;   6;   11.317;   0;   2.9;   7.9;  998.72;   13.3;   52.50;   18.3;    7.6;    6.4;eor
       1078;20220425;    3;   9.1;   2.9;    3;  13.6;   6;    2.667;   0;   6.9;  10.0; 1006.15;    9.3;   86.00;   14.1;    4.6;    1.4;eor
       1078;20220426;    3;   8.7;   3.6;    3;   0.0;   6;    3.433;   0;   6.7;   9.5; 1012.75;   10.5;   75.88;   15.1;    6.7;    4.5;eor
       1078;20220427;    3;   7.2;   2.9;    3;   0.0;   0;   13.217;   0;   1.5;   8.0; 1020.52;   10.7;   64.08;   16.5;    3.9;    0.8;eor
       1078;20220428;    3;   6.7;   2.7;    3;   0.0;   0;   12.883;   0;   2.6;   8.1; 1024.21;   11.3;   62.50;   17.8;    4.4;    2.4;eor
       1078;20220429;    3;   8.4;   3.4;    3;   0.0;   0;    0.800;   0;   7.1;   8.8; 1023.03;   10.8;   69.00;   15.3;    6.6;    2.2;eor
       1078;20220430;    3;  12.5;   3.6;    3;   0.0;   0;    8.783;   0;   4.9;   7.8; 1021.18;   10.0;   65.13;   15.1;    4.8;    3.4;eor
       1078;20220501;    3;   6.7;   2.1;    3;   0.0;   0;    1.717;   0;   6.7;   8.5; 1018.18;   11.0;   66.50;   15.2;    4.5;    1.3;eor
       1078;20220502;    3;   7.4;   2.7;    3;   0.0;   0;   10.817;   0;   2.9;   8.9; 1014.00;   12.9;   62.83;   19.8;    5.5;    1.8;eor
       1078;20220503;    3;   7.2;   3.2;    3;   0.0;   0;   13.067;   0;   1.9;   8.5; 1013.34;   12.8;   59.92;   18.8;    6.8;    4.9;eor
       1078;20220504;    3;   7.2;   2.5;    3;   0.0;   0;   12.483;   0;   3.1;   8.8; 1013.57;   11.8;   66.04;   18.0;    6.4;    3.5;eor
       1078;20220505;    3;   6.2;   1.5;    3;   0.0;   0;    7.883;   0;   5.2;   9.6; 1017.06;   13.2;   66.58;   19.9;    6.3;    3.4;eor
       1078;20220506;    3;   6.7;   1.7;    3;   0.0;   0;   12.983;   0;   2.2;  10.2; 1019.85;   14.0;   67.46;   21.7;    4.8;    1.6;eor
       1078;20220507;    3;   6.7;   2.5;    3;  10.3;   6;    7.850;   0;   6.5;  12.4; 1018.43;   15.1;   74.04;   22.8;    8.1;    5.7;eor
       1078;20220508;    3;   9.8;   3.8;    3;   0.0;   0;   10.500;   0;   3.1;  10.1; 1021.66;   13.7;   66.25;   19.0;    8.0;    3.7;eor
       1078;20220509;    3;   6.2;   1.9;    3;   0.0;   0;   12.900;   0;   2.3;  11.6; 1019.58;   16.5;   63.96;   24.7;    7.6;    5.2;eor
       1078;20220510;    3;  13.7;   4.7;    3;   0.1;   6;    4.017;   0;   7.0;  13.0; 1012.62;   19.7;   58.13;   25.6;   13.7;   10.1;eor
       1078;20220511;    3;  14.4;   4.8;    3;   2.7;   6;   12.400;   0;   4.6;  13.0; 1006.42;   19.9;   57.46;   25.7;   14.4;   11.6;eor
       1078;20220512;    3;   9.3;   3.6;    3;   0.0;   0;   10.633;   0;   4.7;  11.2; 1013.08;   15.2;   66.83;   20.0;    8.5;    4.4;eor
       1078;20220513;    3;  11.5;   4.4;    3;   0.0;   0;   10.267;   0;   4.1;  10.3; 1015.22;   14.2;   65.21;   19.9;    6.9;    2.6;eor
       1078;20220514;    3;   6.7;   2.3;    3;   0.0;   0;   13.483;   0;   3.5;  11.2; 1016.37;   15.3;   66.63;   22.6;    7.4;    2.7;eor
       1078;20220515;    3;   9.4;   2.4;    3;   0.0;   0;   14.433;   0;   4.8;  11.2; 1013.41;   18.0;   59.67;   26.8;    7.2;    3.2;eor
       1078;20220516;    3;  12.5;   3.5;    3;   0.5;   6;    3.700;   0;   5.0;  14.6; 1011.34;   18.6;   68.58;   26.4;   12.3;    7.9;eor
       1078;20220517;    3;   8.4;   2.7;    3;   0.0;   6;    3.283;   0;   5.6;  14.7; 1015.51;   18.9;   69.92;   25.8;   10.7;    6.3;eor
       1078;20220518;    3;   7.9;   3.5;    3;   0.0;   0;   11.533;   0;   5.1;  15.7; 1015.25;   23.5;   56.29;   30.4;   16.8;   14.8;eor
       1078;20220519;    3;  20.4;   4.2;    3;  11.0;   6;    7.983;   0;   6.6;  16.5; 1013.93;   21.3;   66.75;   29.5;   15.5;   14.4;eor
       1078;20220520;    3;  16.5;   4.1;    3;   4.9;   6;    5.267;   0;   6.2;  16.3; 1013.58;   17.4;   81.67;   25.2;   10.2;    8.5;eor
       1078;20220521;    3;  10.1;   4.0;    3;   0.0;   0;    2.467;   0;   5.7;  11.7; 1016.13;   14.5;   72.71;   19.2;    9.9;    5.7;eor
       1078;20220522;    3;   8.2;   2.1;    3;   0.0;   6;   12.083;   0;   5.1;  12.2; 1010.09;   16.6;   67.67;   23.2;    8.1;    5.3;eor
       1078;20220523;    3;  15.4;   4.9;    3;   6.6;   6;    3.733;   0;   7.3;  15.3;  997.33;   18.7;   71.58;   25.7;   14.0;   12.6;eor
       1078;20220524;    3;  14.2;   5.2;    3;   1.4;   6;    4.617;   0;   7.1;  12.0; 1002.13;   14.0;   75.96;   18.2;    9.6;    5.5;eor
       1078;20220525;    3;  13.9;   5.6;    3;   1.1;   6;    8.583;   0;   3.8;  10.4; 1010.75;   15.0;   63.46;   20.5;    7.6;    3.4;eor
       1078;20220526;    3;  12.5;   6.2;    3;   2.7;   6;    3.250;   0;   7.0;  13.1; 1015.59;   17.1;   68.04;   20.7;   13.1;   12.7;eor
       1078;20220527;    3;  14.7;   5.6;    3;   0.1;   6;    7.950;   0;   4.3;  11.2; 1016.32;   14.7;   67.46;   19.2;    8.3;    3.8;eor
       1078;20220528;    3;  10.6;   4.6;    3;   0.2;   6;    8.583;   0;   3.8;   8.6; 1015.62;   12.8;   59.04;   17.7;    8.4;    5.8;eor
       1078;20220529;    3;  11.8;   2.7;    3;   6.6;   6;    2.767;   0;   6.2;   9.9; 1010.18;   10.3;   79.92;   14.9;    4.8;    0.7;eor
       1078;20220530;    3;   6.2;   1.9;    3;   0.0;   6;    4.067;   0;   7.0;   8.7; 1008.94;   11.8;   64.17;   16.1;    8.3;    5.1;eor
       1078;20220531;    3;  14.9;   2.2;    3;   4.7;   6;    4.950;   0;   6.0;  10.5; 1008.55;   12.7;   72.50;   19.1;    8.5;    6.2;eor
       1078;20220601;    3;  11.7;   3.0;    3;   0.9;   6;    7.300;   0;   4.5;  10.8; 1011.01;   12.3;   76.50;   17.8;    5.6;    2.7;eor
       1078;20220602;    3;   7.5;   2.2;    3;   0.0;   0;   12.917;-999;   1.8;   9.7; 1015.94;   13.9;   64.63;   20.7;    4.4;    0.7;eor
       1078;20220603;    3;   8.2;   3.1;    3;   0.0;   0;   10.333;-999;   6.0;  11.5; 1012.66;   18.1;   57.54;   25.1;    7.5;    3.5;eor
       1078;20220604;    3;   9.1;   4.7;    3;   0.0;   0;    7.983;-999;   6.5;  13.4; 1013.75;   19.5;   59.96;   25.6;   14.3;   13.6;eor
       1078;20220605;    3;  14.4;   4.4;    3;   6.2;   6;    0.533;-999;   7.4;  17.0; 1008.71;   17.8;   83.00;   22.4;   14.5;   11.3;eor
       1078;20220606;    3;  14.9;   5.9;    3;   0.0;   6;    5.700;-999;   6.3;  13.2; 1009.94;   17.0;   70.04;   21.5;   10.9;    6.7;eor
       1078;20220607;    3;  11.1;   4.1;    3;   1.4;   6;    4.567;-999;   5.3;  14.2; 1008.30;   15.9;   79.17;   20.7;    9.7;    5.5;eor
       1078;20220608;    3;  12.9;   4.1;    3;  19.8;   6;    1.783;-999;   7.1;  16.0; 1003.63;   15.6;   90.38;   21.4;   13.0;    8.4;eor
       1078;20220609;    3;  10.8;   3.4;    3;   5.7;   6;    2.083;-999;   6.1;  14.3; 1010.39;   15.3;   82.92;   20.1;   10.8;    7.6;eor
       1078;20220610;    3;  10.3;   3.8;    3;   0.0;   6;    2.850;-999;   6.2;  14.6; 1017.00;   18.1;   71.79;   24.0;   11.1;    7.5;eor
       1078;20220611;    3;   8.7;   3.1;    3;   0.0;   0;    8.700;-999;   5.1;  15.6; 1017.47;   20.3;   66.88;   25.0;   14.0;    9.8;eor
       1078;20220612;    3;   8.7;   2.9;    3;   2.9;   6;   13.133;-999;   4.0;  12.3; 1017.18;   18.0;   61.92;   23.5;   10.3;    6.9;eor
       1078;20220613;    3;  11.8;   3.6;    3;   0.2;   6;    9.367;-999;   3.7;  11.3; 1017.48;   15.4;   66.96;   20.6;    8.6;    4.7;eor
       1078;20220614;    3;   6.2;   1.8;    3;   0.0;   0;   14.883;-999;   2.3;  10.4; 1017.23;   15.7;   62.04;   22.8;    6.2;    3.6;eor
       1078;20220615;    3;   7.2;   2.7;    3;   0.0;   0;   14.517;-999;   2.6;  12.1; 1013.14;   19.9;   55.17;   27.5;   10.3;    6.2;eor
       1078;20220616;    3;  10.1;   3.5;    3;   0.0;   0;   13.117;-999;   3.3;  11.4; 1016.94;   19.2;   52.92;   24.8;   12.5;    8.6;eor
       1078;20220617;    3;   8.6;   3.1;    3;   0.0;   0;   13.267;-999;   7.5;  13.2; 1017.72;   21.8;   54.71;   29.8;   10.7;    7.5;eor
       1078;20220618;    3;   8.2;   3.7;    3;   0.0;   0;   12.833;-999;   2.4;  17.1; 1010.45;   26.9;   49.71;   33.5;   19.5;   15.4;eor
       1078;20220619;    3;  11.8;   4.8;    3;   3.1;   6;    9.400;-999;   5.7;  14.4; 1005.68;   18.7;   67.21;   23.1;   13.6;   13.1;eor
       1078;20220620;    3;   9.9;   3.5;    3;   1.4;   6;    8.200;-999;   4.9;  11.9; 1010.62;   16.1;   67.29;   21.5;   10.2;    6.9;eor
       1078;20220621;    3;   7.2;   2.1;    3;   0.0;   0;    8.917;-999;   6.8;  11.5; 1009.97;   17.0;   61.63;   23.4;    7.7;    5.0;eor
       1078;20220622;    3;   8.7;   2.9;    3;   0.0;   0;   15.450;-999;   2.0;  11.7; 1007.25;   20.8;   51.67;   28.4;   10.5;    6.3;eor
       1078;20220623;    1;  12.9;   3.6;    1;   5.1;   6;   12.383;-999;   2.6;  15.6; 1005.45;   24.7;   51.67;   32.3;   13.6;   10.5;eor
       1078;20220624;    1;  13.0;   3.1;    1;   7.8;   6;    4.667;-999;   7.1;  19.5; 1002.68;   20.7;   81.00;   25.6;   17.2;   15.8;eor
       1078;20220625;    1;  12.9;   3.6;    1;   2.1;   6;    6.483;-999;   5.3;  16.4; 1006.70;   21.2;   66.96;   25.6;   16.5;   15.3;eor
       1078;20220626;    1;   7.5;   2.6;    1;   0.1;   6;    2.950;-999;   7.5;  15.8; 1010.49;   18.7;   74.08;   21.2;   16.3;   14.8;eor
       1078;20220627;    1;  19.2;   2.4;    1;   0.2;   6;    1.633;-999;   6.3;  15.9; 1012.36;   17.2;   81.58;   23.4;   11.0;    8.4;eor
       1078;20220628;    1;   9.3;   2.8;    1;   0.0;   0;   14.050;-999;   0.7;  12.7; 1015.49;   18.8;   62.33;   25.4;   11.8;    8.6;eor
       1078;20220629;    1;   7.9;   2.0;    1;   0.0;   0;    7.900;-999;   4.2;  14.1; 1009.14;   21.0;   59.67;   28.0;   12.4;   10.5;eor
       1078;20220630;    1;  23.8;   3.6;    1;   9.2;   6;   11.417;-999;   4.1;  16.7; 1006.72;   21.2;   70.21;   30.2;   13.9;   13.4;eor
       1078;20220701;    1;  10.1;   4.1;    1;   0.0;   0;    7.500;-999;   5.1;  13.0; 1013.81;   16.9;   70.00;   21.9;   12.1;    9.8;eor
       1078;20220702;    1;  16.3;   3.3;    1;   0.0;   0;   13.867;-999;   2.3;  12.3; 1015.81;   20.1;   55.83;   26.8;   10.4;    8.5;eor
       1078;20220703;    1;  10.6;   3.1;    1;   0.0;   0;   12.350;-999;   2.4;  13.7; 1013.52;   19.7;   61.71;   25.5;   12.7;    9.6;eor
       1078;20220704;    1;   9.8;   2.5;    1;   0.0;   0;   12.450;-999;   1.3;  12.3; 1015.53;   18.6;   60.50;   25.2;   10.2;    7.2;eor
       1078;20220705;    1;  11.3;   3.3;    1;   0.0;   0;    9.083;-999;   4.9;  12.3; 1017.73;   18.6;   59.46;   24.4;   12.4;   10.9;eor
       1078;20220706;    1;   8.2;   2.8;    1;   2.9;   6;    5.683;-999;   6.2;  11.2; 1019.90;   16.8;   60.50;   21.9;    9.9;    6.9;eor
       1078;20220707;    1;  13.4;   5.7;    1;   0.5;   6;    1.967;-999;   7.5;  14.3; 1018.54;   17.6;   71.08;   20.9;   15.3;   14.9;eor
       1078;20220708;    1;   8.2;   3.2;    1;   0.0;   0;    8.100;-999;   7.1;  13.3; 1025.44;   18.7;   62.38;   24.3;   14.0;   11.7;eor
       1078;20220709;    1;  12.5;   3.6;    1;   0.0;   0;    7.450;-999;   6.9;  14.5; 1021.90;   18.8;   68.29;   24.9;   13.4;   11.1;eor
       1078;20220710;    1;   8.1;   3.1;    1;   0.0;   6;    1.833;-999;   7.2;  13.6; 1020.81;   16.7;   71.83;   20.3;   12.2;   10.4;eor
       1078;20220711;    1;   5.1;   2.0;    1;   0.0;   0;    1.533;-999;   7.4;  15.7; 1019.25;   18.0;   76.79;   22.1;   13.7;   11.1;eor
       1078;20220712;    1;   6.2;   1.6;    1;   0.0;   6;   11.967;-999;   5.8;  15.3; 1019.38;   21.4;   64.00;   29.2;   11.2;    9.3;eor
       1078;20220713;    1;  11.3;   4.5;    1;   0.0;   6;    2.900;-999;   7.9;  15.8; 1015.52;   24.3;   52.79;   30.1;   18.2;   17.4;eor
       1078;20220714;    1;  13.9;   3.7;    1;   0.0;   0;    8.800;-999;   5.3;  13.2; 1015.39;   19.8;   59.21;   25.5;   14.7;   10.8;eor
       1078;20220715;    1;   7.7;   2.4;    1;   0.0;   0;    8.450;-999;   4.1;  11.7; 1017.62;   17.6;   60.25;   22.8;   12.3;    8.7;eor
       1078;20220716;    1;  12.2;   3.6;    1;   0.0;   0;   10.367;-999;   5.3;  11.5; 1019.02;   18.7;   55.33;   23.5;   12.2;    8.2;eor
       1078;20220717;    1;   6.2;   1.8;    1;   0.0;   0;   14.467;-999;   3.9;  10.7; 1021.56;   19.3;   52.83;   27.2;    8.8;    6.0;eor
       1078;20220718;    1;   8.9;   2.1;    1;   0.0;   0;   14.283;-999;   4.8;  11.7; 1017.14;   24.4;   43.88;   34.1;   11.8;    9.9;eor
       1078;20220719;    1;  12.2;   3.4;    1;   0.0;   4;   14.717;-999;   0.1;  12.1; 1011.72;   28.6;   36.79;   38.2;   16.2;   13.2;eor
       1078;20220720;    1;  10.6;   4.1;    1;   7.4;   6;   10.067;-999;   4.4;  15.9; 1011.82;   26.0;   48.13;   31.0;   18.7;   16.9;eor
       1078;20220721;    1;  11.8;   4.9;    1;   5.2;   6;    0.850;-999;   7.7;  19.0; 1014.49;   18.6;   88.42;   22.9;   15.9;   15.7;eor
       1078;20220722;    1;   5.7;   2.1;    1;   4.2;   6;    3.583;-999;   7.8;  16.0; 1015.14;   18.4;   76.79;   22.8;   15.4;   15.2;eor
       1078;20220723;    1;   7.2;   1.9;    1;   0.0;   0;   13.100;-999;   3.8;  15.6; 1014.39;   20.0;   69.83;   25.7;   14.1;   11.8;eor
       1078;20220724;    1;   9.6;   3.4;    1;   0.0;   0;   14.000;-999;   4.0;  16.1; 1012.26;   23.9;   56.71;   31.0;   16.3;   13.1;eor
       1078;20220725;    1;  13.4;   5.7;    1;   0.0;   6;    5.817;-999;   5.3;  15.6; 1005.86;   23.9;   52.42;   27.3;   18.8;   17.1;eor
       1078;20220726;    1;  11.3;   4.3;    1;   0.4;   6;    3.233;-999;   7.4;  15.0; 1011.74;   19.0;   68.46;   23.2;   15.4;   14.5;eor
       1078;20220727;    1;   7.4;   2.5;    1;   0.0;   0;    7.117;-999;   5.4;  11.0; 1015.03;   17.0;   58.50;   21.7;   10.0;    7.3;eor
       1078;20220728;    1;   9.3;   4.5;    1;   1.4;   6;    9.300;-999;   7.8;  11.5; 1012.70;   19.4;   52.29;   25.5;   12.2;   10.8;eor
       1078;20220729;    1;  11.7;   2.9;    1;   0.0;   4;    6.100;-999;   7.0;  13.9; 1011.59;   19.6;   62.50;   24.7;   14.6;   12.8;eor
       1078;20220730;    1;   8.2;   2.4;    1;   0.0;   4;    8.133;-999;   5.5;  14.4; 1013.80;   20.0;   65.00;   26.3;   12.6;   10.0;eor
       1078;20220731;    1;  11.8;   4.3;    1;   5.7;   6;    0.983;-999;   7.8;  17.9; 1011.70;   21.5;   70.29;   27.5;   18.2;   16.5;eor
       1078;20220801;    1;   7.9;   3.1;    1;   0.0;   6;    6.000;-999;   6.3;  17.9; 1012.93;   20.6;   74.71;   25.6;   14.1;   10.7;eor
       1078;20220802;    1;  13.4;   3.4;    1;   0.0;   0;   13.133;-999;   5.5;  15.9; 1012.48;   22.1;   63.83;   29.4;   12.0;   10.5;eor
       1078;20220803;    1;   9.8;   2.8;    1;   0.0;   0;   13.950;-999;   3.9;  17.2; 1010.15;   25.8;   54.71;   33.2;   18.1;   15.7;eor
       1078;20220804;    1;  10.8;   3.4;    1;   7.4;   6;    7.100;-999;   6.6;  18.3; 1008.25;   25.9;   56.38;   33.5;   18.0;   16.2;eor
       1078;20220805;    1;   9.3;   3.6;    1;   0.0;   6;    3.733;-999;   5.6;  15.5; 1013.58;   18.8;   72.17;   22.9;   12.6;    8.7;eor
       1078;20220806;    1;   9.8;   2.2;    1;   0.0;   0;   10.367;-999;   2.7;  11.0; 1022.19;   16.3;   62.96;   22.4;    8.5;    6.1;eor
       1078;20220807;    1;  11.0;   2.3;    1;   0.0;   0;   13.600;-999;   2.0;  10.9; 1019.62;   18.7;   55.17;   26.1;    9.4;    6.5;eor
       1078;20220808;    1;   9.6;   3.2;    1;   0.0;   0;   13.983;-999;   2.6;  12.7; 1020.10;   20.2;   56.25;   26.2;   12.7;   10.1;eor
       1078;20220809;    1;  11.8;   4.1;    1;   0.0;   0;   13.983;-999;   0.0;  13.7; 1021.55;   22.2;   53.58;   28.9;   15.6;   14.4;eor
       1078;20220810;    1;  10.3;   3.6;    1;   0.0;   0;   13.900;-999;   3.6;  12.7; 1019.58;   24.2;   44.67;   31.2;   16.3;   14.2;eor
       1078;20220811;    1;   9.6;   2.6;    1;   0.0;   0;   13.850;-999;   0.7;  11.9; 1016.20;   24.7;   41.88;   32.4;   14.4;   10.8;eor
       1078;20220812;    1;  11.3;   3.3;    1;   0.0;   0;   13.717;-999;   0.0;  11.3; 1013.32;   24.5;   41.17;   32.5;   13.8;   11.6;eor
       1078;20220813;    1;   8.7;   2.6;    1;   0.0;   0;   13.750;-999;   0.0;  11.9; 1010.71;   24.9;   40.83;   32.4;   14.1;   10.9;eor
       1078;20220814;    1;   7.7;   2.5;    1;   0.0;   0;   11.100;-999;   3.9;  15.6; 1003.16;   25.5;   50.13;   32.6;   15.8;   13.8;eor
       1078;20220815;    1;-999;-999;    1;   0.0;   6;    1.317;-999;   7.9;  16.7; 1000.19;   23.0;   59.75;   26.5;   19.3;   16.7;eor
       1078;20220816;    1;   9.6;   2.8;    1;   0.0;   0;    9.817;-999;   5.2;  16.3; 1003.65;   24.3;   55.71;   30.4;   18.3;   16.5;eor
       1078;20220817;    1;   9.3;   2.7;    1;   0.0;   6;    2.800;-999;   6.5;  18.0; 1005.95;   21.4;   71.21;   24.7;   16.6;   13.6;eor
       1078;20220818;    1;   6.2;   2.1;    1;   0.1;   6;    2.917;-999;   6.7;  18.0; 1008.46;   20.8;   75.54;   25.9;   16.2;   13.5;eor
       1078;20220819;    1;  10.6;   2.9;    1;   7.6;   6;    9.233;-999;   6.2;  17.8; 1009.45;   21.0;   74.29;   27.8;   14.4;   12.1;eor
       1078;20220820;    1;   8.7;   3.4;    1;   0.0;   6;    5.133;-999;   5.0;  18.1; 1012.10;   20.2;   77.54;   25.1;   15.1;   12.2;eor
       1078;20220821;    1;   7.5;   2.7;    1;   0.0;   0;   12.000;-999;   6.2;  14.2; 1011.95;   19.8;   63.92;   25.9;   13.5;   10.8;eor
       1078;20220822;    1;-999;   1.7;    1;   0.0;   0;    4.767;-999;   7.8;  14.6; 1010.10;   21.7;   60.00;   28.8;   13.7;   11.5;eor
       1078;20220823;    1;   7.7;   2.2;    1;   0.0;   0;   12.117;-999;   4.2;  15.6; 1010.80;   23.1;   58.25;   30.4;   14.8;   12.2;eor
       1078;20220824;    1;   7.2;   2.2;    1;   0.0;   0;   12.917;-999;   2.7;  15.1; 1012.68;   25.2;   51.75;   33.7;   15.3;   14.4;eor
       1078;20220825;    1;   7.7;   2.3;    1;   0.0;   0;   12.883;-999;   0.9;  14.8; 1010.15;   25.8;   47.33;   33.3;   16.7;   14.1;eor
       1078;20220826;    1;   9.1;   3.8;    1;   0.0;   6;    0.000;-999;   7.7;  18.7; 1010.60;   21.2;   74.33;   23.7;   17.1;   16.2;eor
       1078;20220827;    1;   7.7;   2.6;    1;   0.0;   0;    0.000;-999;   7.8;  15.1; 1012.20;   19.2;   68.63;   22.0;   16.4;   15.9;eor
       1078;20220828;    1;  10.3;   4.1;    1;   0.0;   0;   11.333;-999;   2.9;  11.9; 1015.23;   19.0;   55.46;   24.2;   13.8;   11.5;eor
       1078;20220829;    1;   6.9;   2.1;    1;   0.0;   0;    9.850;-999;   7.0;  11.4; 1016.37;   17.5;   60.67;   24.4;    9.7;    7.1;eor
       1078;20220830;    1;  10.1;   4.4;    1;   0.0;   0;    9.367;-999;   6.9;  13.9; 1015.14;   21.2;   56.29;   26.6;   16.4;   15.4;eor
       1078;20220831;    1;  10.8;   4.7;    1;   0.0;   0;    6.083;-999;   5.8;  13.5; 1015.86;   20.5;   56.50;   25.4;   15.8;   14.1;eor
       1078;20220901;    1;   9.9;   3.3;    1;   0.0;   0;   10.133;-999;   2.5;  11.0; 1014.65;   20.1;   48.71;   26.6;   14.4;   12.4;eor
       1078;20220902;    1;  12.3;   3.5;    1;   0.0;   0;    9.067;-999;   5.5;  10.2; 1010.04;   20.4;   44.75;   26.9;   14.1;   11.4;eor
       1078;20220903;    1;  12.5;   4.1;    1;   0.0;   6;   11.117;-999;   2.9;  12.9; 1007.34;   20.6;   53.04;   26.4;   14.7;   11.0;eor
